2458909.50000000 -0.182222937173956406331499 0.000947942667293300272185 0.000171996526845628563323 0.983256768595672792088180
2458909.60000000 0.131391437246869219324097 0.000955125651361550011276 -0.000130235961800942006425 0.991330096885697398256809
2458909.70000000 0.432074365498958334885771 0.000868302758231564932208 -0.000419656042702492985182 0.901837464633920782297594
2458909.80000000 0.690232860530395453402264 0.000696017463562359885512 -0.000667777996908544687824 0.723586669221835565579681
2458909.90000000 0.880459157953516813321926 0.000455224730947327463175 -0.000850180170616560018995 0.474121019508123631158725
2458910.00000000 0.984031329291515155510695 0.000169622456945303558967 -0.000948908671005179631466 0.177992735169002658235371
2458910.10000000 0.990755878595304340095140 -0.000132680751622349358231 -0.000954244547356335854303 -0.135653458642329916017388
2458910.20000000 0.899970980847899948429358 -0.000421931965812191354069 -0.000865660522635365841521 -0.435948742671063094178407
2458910.30000000 0.720611619084576715543733 -0.000669662194438405493878 -0.000691873091678577999304 -0.693338277685395909522015
2458910.40000000 -0.470330203273994551516068 0.000851488366355592093092 0.000449984832884083756684 0.882489984288191142702829
2458910.50000000 -0.173759244577104732254469 0.000949513206568461799566 0.000163801352477842092608 0.984787691087470995476849
2458910.60000000 0.139912969383787777477579 0.000954086849126522932620 -0.000138511531478426795595 0.990163335783882936347311
2458910.70000000 0.439815052954472540669428 0.000864756787629631057217 -0.000427199850379879374814 0.898087851432237127546898
2458910.80000000 0.696430870687595349188825 0.000690312628048736281680 -0.000673849818070887851724 0.717623238020816733850893
2458910.90000000 0.884504487319990650995294 0.000447921230424543374490 -0.000854184398431028207160 0.466530686714069886544820
2458911.00000000 0.985525839589460384004838 0.000161437342070885349841 -0.000950452786863492291546 0.169522535606872692959257
2458911.10000000 0.989552481257435556649682 -0.000140944025793550588429 -0.000953177631979827016430 -0.144169894305465506878505
2458911.20000000 0.896188113323915014341026 -0.000429462462528076415608 -0.000862088026367286612908 -0.443673233250189757992388
2458911.30000000 0.714621587333788443885396 -0.000675721138606384945542 -0.000686146415739858120918 -0.699510585709631427242527
2458911.40000000 -0.462722543645238792997532 0.000855481676180507152538 0.000442666755903282926627 0.886502633836606879214060
2458911.50000000 -0.165282694727314022342668 0.000951049802656697002012 0.000155610689176919155712 0.986245761518330765760254
2458911.60000000 0.148424152504829098830896 0.000953017078555601056603 -0.000146770536133160415257 0.988923324211584797716057
2458911.70000000 0.447523205120028189085701 0.000861186847220395839710 -0.000434716560356143244363 0.894271798871767442662417
2458911.80000000 0.702577361371541586620992 0.000684594126938594142381 -0.000679886853674669354441 0.711606717486699791308524
2458911.90000000 0.888484384213474198688232 0.000440616556244958904650 -0.000858150035676654354341 0.458905838319677461534241
2458912.00000000 0.986947442948894582137598 0.000153264337899931005421 -0.000951959013286098510061 0.161039793654629614927387
2458912.10000000 0.988275878409590746720426 -0.000149182649489486426290 -0.000952078167046744141058 -0.152675667495056066602643
2458912.20000000 0.892338946308250169359155 -0.000436958006767560836001 -0.000858492565088959437049 -0.451364904438987746271295
2458912.30000000 0.708578688279571156094505 -0.000681738362230718060626 -0.000680409714118168336763 -0.705631146414800070054696
2458912.40000000 -0.455080650117868246162800 0.000859430979517801507672 0.000435353637397309389291 0.890449703090194888410736
2458912.50000000 -0.156793916119968568256837 0.000952545064828417544986 0.000147440424422773711487 0.987630871726168146906844
2458912.60000000 0.156924356986108626266230 0.000951913515220849035248 -0.000154994954288551541489 0.987610153867063966792728
2458912.70000000 0.455198253070167702105664 0.000857594961201024199270 -0.000442187437215548352198 0.890389588552412791777613
2458912.80000000 0.708671877866890453923077 0.000678868752129788686524 -0.000685871156257615360516 0.705537552677263701816912
2458912.90000000 0.892398552836825120770925 0.000433321823759609591007 -0.000862061388383322476682 0.451247040961617829069041
2458913.00000000 0.988296034401912937283896 0.000145118096583412886820 -0.000953415217643312543593 0.152545135370548867737028
2458913.10000000 0.986926164661463212190995 -0.000157379485406864848187 -0.000950938614584837579174 -0.161170147526354973210871
2458913.20000000 0.888423765167275281129378 -0.000444400237340984119883 -0.000854871872628389572676 -0.459023185893722818207152
2458913.30000000 -0.702483369977033200726169 0.000687695644512164878243 0.000674666252656924117677 0.711699505975025736859152
2458913.40000000 -0.447405089296530278364372 0.000863319563150423624834 0.000428054095407986014230 0.894330899343248386657024
2458913.50000000 -0.148293536730607605766963 0.000953985054971978542644 0.000139303920657393791012 0.988942919217517091290404
2458913.60000000 0.165412954011620066951949 0.000950766070072300850669 -0.000163167923964538971564 0.986223921868081609964918
2458913.70000000 0.462839625098438345318641 0.000853975851020538851213 -0.000449593371170831567971 0.886441509649277370463949
2458913.80000000 0.714713969309926255846221 0.000673136633595046939525 -0.000691782753729180683970 0.699416192546457926582093
2458913.90000000 0.896246704292567142324799 0.000426042754975513541116 -0.000865899017400609976626 0.443554859911026222452080
2458914.00000000 0.989571513488458287532978 0.000137009675764586272371 -0.000954803814813578858624 0.144039193519640756901978
2458914.10000000 0.985503440336512936958968 -0.000165518845321900392141 -0.000949744410671238530747 -0.169652703113043118454684
2458914.20000000 0.884442860886192505631698 -0.000451769919834900174002 -0.000851215347104243569287 -0.466647508472209648910933
2458914.30000000 -0.696336083349899048755560 0.000693571599290790960328 0.000668910061314326545058 0.717715215487264801552669
2458914.40000000 -0.439696431621649785892458 0.000867125477501759869305 0.000420767172776874789387 0.898145934170553217334998
2458914.50000000 -0.139782188290824671561552 0.000955348930556526652717 0.000131205306591700935487 0.990181806503137917907509
2458914.60000000 0.173889311275126051681283 0.000949556527214705865976 -0.000171279852303805044719 0.984764731511782120954024
2458914.70000000 0.470446755944661287873743 0.000850314999538608583263 -0.000456919920009835642087 0.882427854280013801435700
2458914.80000000 0.720703185661102807557654 0.000667387818832366141140 -0.000697603358965289983146 0.693243093092340223471126
2458914.90000000 0.900028551334921766979846 0.000418774582014714755705 -0.000869642128272394448509 0.435829869481080267590301
2458915.00000000 0.990773785713533028385314 0.000128939845254403612955 -0.000956103055717140892962 0.135522598794210413775119
2458915.10000000 0.984007811004241728092268 -0.000173594335994955984142 -0.000948474494873678426049 -0.178122705299949973811735
2458915.20000000 0.880396529400299665546470 -0.000459055240604346005348 -0.000847504227947943299115 -0.474237305601603487126283
2458915.30000000 -0.690137285300738256843545 0.000699349488418321888449 0.000663126129990807824596 0.723677827911704762975376
2458915.40000000 -0.431955250038670246492956 0.000870827841627091602666 0.000413482789751734071144 0.901894524129289276714871
2458915.50000000 -0.131260504820592566188608 0.000956612722968166800594 0.000123140253490254113645 0.991347441416185470863809
2458915.60000000 0.182352800285330601814948 0.000948259284282005720894 -0.000179329440867623864792 0.983232691112826295842808
2458915.70000000 0.478019080297065246387689 0.000846586978874849858771 -0.000464160061642272477912 0.878348920826660384264528
2458915.80000000 0.726639081895507077391017 0.000661598907389508261549 -0.000703320449354004968885 0.687018713201128949918939
2458915.90000000 0.903743814305836057343413 0.000411497692600754723293 -0.000873273242261340043244 0.428072641226867223185337
2458916.00000000 0.991902761857457182514963 0.000120894326565318947124 -0.000957291361224854695129 0.126995984176495047002220
2458916.10000000 0.982439388227096643824154 -0.000181613706566554109585 -0.000947104338948231397506 -0.186579523178158457330511
2458916.20000000 0.876285070885268746465613 -0.000466256669874325405372 -0.000843712434845545573500 -0.481792014563469817023389
2458916.30000000 -0.683887438765223731884646 0.000705022256072810769509 0.000657288412518254377623 0.729586898192364330384407
2458916.40000000 -0.424182119952171310384159 0.000874412382118518877183 0.000406176611886151944265 0.905576390778790929481090
2458916.50000000 -0.122729116780852895440823 0.000957755779196934535318 0.000115087817980885111224 0.992439737894673323914674
2458916.60000000 0.190802792059739240171368 0.000946848677620609714342 -0.000187332463867242673570 0.981627914703897874737493
2458916.70000000 0.485556034169235095632189 0.000842762705865778526115 -0.000471323067154105356143 0.874205013304607758684028
2458916.80000000 0.732521216996270707610961 0.000655739268410814426027 -0.000708935870451773866678 0.680743515625011341718675
2458916.90000000 0.907392216003076401698024 0.000404181947844529953530 -0.000876786353453419043703 0.420283754407880183467938
2458917.00000000 0.992958358389922080000645 0.000112845529508112793135 -0.000958355010132824628247 0.118459981954858864505731
2458917.10000000 0.980798288239433491142449 -0.000189600049825889291951 -0.000945613208843890194061 -0.195022531143610733384008
2458917.20000000 0.872108791091554924612694 -0.000473391110551478434473 -0.000839813466230983850756 -0.489311073974927623897457
2458917.30000000 -0.677587006275462977455959 0.000710599316293651769513 0.000651366345264485090312 0.735441989348180058527760
2458917.40000000 -0.416377619182301039746363 0.000877880203780982259348 0.000398816074078134114207 0.909191260690333957761311
2458917.50000000 -0.114188659733639327753529 0.000958770637407417602484 0.000107015691116005330912 0.993458614786913996042017
2458917.60000000 0.199238658619603797861330 0.000945309145291202217697 -0.000195318678178871204002 0.979950521787847694810125
2458917.70000000 0.493057060073535780020393 0.000838819406928334107554 -0.000478433902263792167672 0.869996438495073576291361
2458917.80000000 0.738349155970601689347177 0.000649780293551972852953 -0.000714467870547838557194 0.674417964765168242990967
2458917.90000000 0.910973487965387573872533 0.000396794680805257014150 -0.000880191545868855220076 0.412463782701599723790054
2458918.00000000 0.993940497084845886455184 0.000104758806189787320620 -0.000959295068160691158203 0.109915226574323440789094
2458918.10000000 0.979084633237018664431162 -0.000197587770986014306688 -0.000943992972783729597346 -0.203451101729753974778347
2458918.20000000 0.867867999189247063540620 -0.000480490483202111056966 -0.000835790497888178594323 -0.496793927666043855229105
2458918.30000000 -0.671236453013498102215806 0.000716107989179307589944 0.000645335567900697198822 0.741242669357662364859607
2458918.40000000 -0.408542322551410708175723 0.000881252181962647110347 0.000391370996155734820077 0.912738867862625480320560
2458918.50000000 -0.105639764077063880165497 0.000959670277846593313201 0.000098890017121932639096 0.994403997125440919369055
2458918.60000000 0.207659778776920461718092 0.000943644494325918624898 -0.000203323340656813539946 0.978200636103137788346373
2458918.70000000 0.500521603184580610168553 0.000834751433880728441715 -0.000485526939921415723062 0.865723507939243019926323
2458918.80000000 0.744122468796429736848097 0.000643707272208853421153 -0.000719947715168993982240 0.668042527649105766229809
2458918.90000000 0.914487365401611684845307 0.000389313156449854825322 -0.000883514948479690036438 0.404613304720610911235923
2458919.00000000 0.994849105828372493043332 0.000096604986406718810002 -0.000960130834746043240920 0.101362347290955723266848
2458919.10000000 0.977298549308934116908176 -0.000205610448224514204447 -0.000942254848459260431655 -0.211864615729879579575368
2458919.20000000 0.863563008351239114190889 -0.000487590465486424998187 -0.000831645941326796781130 -0.504240023428700223639964
2458919.30000000 -0.664836248914223992834138 0.000721583641487147614373 0.000639189531865799309002 0.746988509203938111369325
2458919.40000000 -0.400676808441232434887525 0.000884561028000734939948 0.000383826293048892099383 0.916218950582242008806588
2458919.50000000 -0.097083059368241464426319 0.000960482637839122580653 0.000090688150166867489694 0.995275815456223456045848
2458919.60000000 0.216065531011058742372200 0.000941876130291950533838 -0.000211375026511367375892 0.976378386947618026603379
2458919.70000000 0.507949116436336778335203 0.000830572283124125939312 -0.000492634863295935429908 0.861386534937460979222124
2458919.80000000 0.749840731392422243928308 0.000637524981883239635211 -0.000725410144441555079613 0.661617672743229134901810
2458919.90000000 0.917933589674548522374664 0.000381733231234872760675 -0.000886791222407334140884 0.396732898595235916605617
2458920.00000000 0.995684117968663406905705 0.000088371408384648307706 -0.000960894794303237989412 0.092801972480320682468147
2458920.10000000 0.975440168058099743575440 -0.000213688290773774461307 -0.000940427204307257174655 -0.220262453614639530652397
2458920.20000000 0.859194133438449636486212 -0.000494717372788565628444 -0.000827402376409093541325 -0.511648816791773652923325
2458920.30000000 -0.658386863140789091453087 0.000727056879563361610486 0.000632943718521128948808 0.752679087801333190910213
2458920.40000000 -0.392781654730792406660100 0.000887839601689479891548 0.000376189462657707852661 0.919631253236199319722743
2458920.50000000 -0.088519172787574096350482 0.000961240709596578577802 0.000082409186403356254696 0.996074005922055638606594
2458920.60000000 0.224455300656627498856466 0.000940035509910068251688 -0.000219483169740632898205 0.974483907597804344113968
2458920.70000000 0.515339051624110533467160 0.000826310086573473563838 -0.000499774811446350246923 0.856985839618938705086748
2458920.80000000 0.755503522701191143617905 0.000631256601543399146516 -0.000730878721379846067220 0.655143873142962962496938
2458920.90000000 0.921311908765422127309819 0.000374071752135860609214 -0.000890048706289387273061 0.388823140579558024221285
2458921.00000000 0.996445472273516874572863 0.000080067541823164369453 -0.000961618172851541695018 0.084234729564878263463612
2458921.10000000 0.973509625329495920098566 -0.000221819867922493205083 -0.000938542162990449371079 -0.228644001287898940288912
2458921.20000000 0.854761696866176534648218 -0.000501878024130892794706 -0.000823090855514027196389 -0.519019760904898319608947
2458921.30000000 -0.651888768354600744991956 0.000732542523352467138051 0.000626626272333004157022 0.758313988011143358392019
2458921.40000000 -0.384857440061983024914838 0.000891109977723494460673 0.000368484145913987196173 0.922975525661915985331518
2458921.50000000 -0.079948731992154867254108 0.000961972611118793114252 0.000074070978223265778362 0.996798509917933284185665
2458921.60000000 0.232828469914061308987385 0.000938154606862775706198 -0.000227636497020721427758 0.972517337451931696001850
2458921.70000000 0.522690869599227059261182 0.000821998668013861131902 -0.000506942968570336049104 0.852521742927442982562525
2458921.80000000 0.761110427597510685870930 0.000624935733498673982519 -0.000736357520796185132349 0.648621603274623148571720
2458921.90000000 0.924622073232526764385852 0.000366360071662697405447 -0.000893299316666784225423 0.380884614400900545216899
2458922.00000000 0.997133112659214559947429 0.000071720608340107696926 -0.000962320159610098265802 0.075661247902668218867639
2458922.10000000 0.971507063458093345076350 -0.000229983699910834947381 -0.000936625094698281292216 -0.237008640119968944093287
2458922.20000000 0.850266022602715110245697 -0.000509057958191045539266 -0.000818741360345844417824 -0.526352316732203284743719
2458922.30000000 -0.645342442915421976579182 0.000738033970064942462970 0.000620269834427381473035 0.763892794796773633159148
2458922.40000000 -0.376904746490021536065029 0.000894373793516092308910 0.000360743417227481742455 0.926251522013597394789031
2458922.50000000 -0.071372369502284371822753 0.000962688097990157609987 0.000065704705035067036915 0.997449273790764423530675
2458922.60000000 0.241184423618825666268961 0.000936250965360778419390 -0.000235807868823654040056 0.970478820805475206334734
2458922.70000000 0.530004027650753384293125 0.000817662167444585465288 -0.000514118078228069028124 0.847994574148074109487538
2458922.80000000 0.766661034024396559338754 0.000618591437024453125355 -0.000741832661965264933066 0.642051342134613900469731
2458922.90000000 0.927863840287847962962076 0.000358630131986086367075 -0.000896537553443095156999 0.372917901810356333669461
2458923.00000000 0.997746988063360262799506 0.000063363188539069810034 -0.000963004068892746485642 0.067082161699934333976003
2458923.10000000 0.969432629708203652540988 -0.000238148873695359533480 -0.000934687942449991112856 -0.245355754161480948960516
2458923.20000000 0.845707443019840132691911 -0.000516230093276456771662 -0.000814373650193099844416 -0.533645941727563744017004
2458923.30000000 -0.638748368701212432263503 0.000743509848263758225430 0.000613900583335941956234 0.769415097200464859206193
2458923.40000000 -0.368924162225137075576953 0.000897616820141785925168 0.000352997998700237385766 0.929458999742562630430598
2458923.50000000 -0.062790716800544904563353 0.000963380975941631988169 0.000057343398886014967193 0.998026249400323028915238
2458923.60000000 0.249522545032999948366736 0.000934326741457139581075 -0.000243964473770661588198 0.968368507870157491090879
2458923.70000000 0.537277984684727316633257 0.000813310829687966039929 -0.000521269916969999483336 0.843404667983101430372983
2458923.80000000 0.772154929321213545634350 0.000612241183388440197988 -0.000747278647778801393894 0.635433577850266884112784
2458923.90000000 0.931036969887656828959166 0.000350905234386181513317 -0.000899744397051815752650 0.364923592040105437828146
2458924.00000000 0.998287053066544971535734 0.000055022609437288004844 -0.000963658584721648427997 0.058498102652377502452818
2458924.10000000 0.967286476952490370528892 -0.000246286099279940517027 -0.000932727716704629186695 -0.253684727302502799339834
2458924.20000000 0.841086295155969332348889 -0.000523365340441052221722 -0.000809993049449450348148 -0.540900096228665749897857
2458924.30000000 -0.632107035620521284791096 0.000748943360751037510645 0.000607531527912024012748 0.774880484660445678635199
2458924.40000000 -0.360916276176770023376150 0.000900816416234518453285 0.000345267396837584995568 0.932597721909296129005895
2458924.50000000 -0.054204410162311637833010 0.000964034251162847470769 0.000049011448378476344713 0.998529393735790415931319
2458924.60000000 0.257842214436770855723324 0.000932371645425034687761 -0.000252079152830824869316 0.966186555274444192065175
2458924.70000000 0.544512202487645313730980 0.000808941687131492634041 -0.000528370593158642982805 0.838752363799533329213887
2458924.80000000 0.777591708779810542040423 0.000605889381750013733714 -0.000752668821136758697289 0.628768797590882999593020
2458924.90000000 0.934141225491479043618881 0.000343196673092525602906 -0.000902896184742393078521 0.356902280507293612199504
2458925.00000000 0.998753267324569815599489 0.000046716037430993374911 -0.000964264494893891867429 0.049909708671357889964160
2458925.10000000 0.965068764868027839654019 -0.000254373758282034235102 -0.000930730716398098993462 -0.261994939092266121427599
2458925.20000000 0.836402921487761630281454 -0.000530439354871036156461 -0.000805591994411633473445 -0.548114242272310647763334
2458925.30000000 -0.625418933718498659679597 0.000754309317450518553895 0.000601161427066629252408 0.780288553656978134398514
2458925.40000000 -0.352881684778224957721449 0.000903948438113498725990 0.000337556468002068608882 0.935667454537369103206856
2458925.50000000 -0.045614086225270897290152 0.000964626596996863297853 0.000040719195383407919637 0.998958669302627000341488
2458925.60000000 0.266142816318929997798648 0.000930368725545240526052 -0.000260136647432909859801 0.963933124269687913177052
2458925.70000000 0.551706143339528609637057 0.000804543087604088166288 -0.000535401072533032117151 0.834038007201657771716441
2458925.80000000 0.782970966368800258550209 0.000599530176687976669274 -0.000757981768980023990975 0.622057498829493571435023
2458925.90000000 0.937176377848838670914233 0.000335504448222341869999 -0.000905970681301078244706 0.348854559172625977581106
2458926.00000000 0.999145596118276135833014 0.000038449004249468063941 -0.000964800337672343352909 0.041317616569724713304623
2458926.10000000 0.962779657392127008463945 -0.000262401470286107146163 -0.000928677791453680302400 -0.270285774717165694358556
2458926.20000000 0.831657669970202628739742 -0.000537437857277107142520 -0.000801155013341008429006 -0.555287843636343425579582
2458926.30000000 -0.618684562250089498114392 0.000759590687011955662672 0.000594779582022742100110 0.785638900317409683005110
2458926.40000000 -0.344820983729391017380550 0.000906994356905979647911 0.000329860019581360095885 0.938667969908958621516604
2458926.50000000 -0.037020384879103397646194 0.000965139253320656826524 0.000032467286580019656260 0.999314044009722013406360
2458926.60000000 0.274423732354299954039334 0.000928300112505346360428 -0.000268130921056561582604 0.961608382599161481962824
2458926.70000000 0.558859272544629970269625 0.000800099346461751836750 -0.000542350500010338075138 0.829261948474199095393544
2458926.80000000 0.788292303157881013575548 0.000593151172209904851279 -0.000763202681324395165209 0.615300179160299443026361
2458926.90000000 0.940142200765970104114899 0.000327820289365010511355 -0.000908950215262965496334 0.340781027467477237724580
2458927.00000000 0.999464010195219021426283 0.000030217864009063156652 -0.000965246834852722767999 0.032722464905365671039572
2458927.10000000 0.960419324553609565775503 -0.000270368116163010251910 -0.000926549384436857600619 -0.278556617998631461663450
2458927.20000000 0.826850892395722847361128 -0.000544355192123470725714 -0.000796663587386647648221 -0.562420368361879252638857
2458927.30000000 -0.611904418210737266470289 0.000764777845422302273402 0.000588369737325794431651 0.790931129687901690594742
2458927.40000000 -0.336734772086523359568844 0.000909941430296411614756 0.000322165124408449704378 0.941599044967426745955663
2458927.50000000 -0.028423943337281265542060 0.000965557427520749513190 0.000024246945128104303749 0.999595491464252861035789
2458927.60000000 0.282684348499224913364714 0.000926150039045795393094 -0.000276065778340575239836 0.959212502601422767334327
2458927.70000000 0.565971059668174292234255 0.000795594770285439328167 -0.000549217572058480077782 0.824424541729841919845967
2458927.80000000 0.793555325440712389095665 0.000586737778998771891334 -0.000768325405839826954847 0.608497338432008816333507
2458927.90000000 0.943038473795493992213324 0.000320131667542225409936 -0.000911824401828931771843 0.332682285421012358117565
2458928.00000000 0.999708485866623752791327 0.000022012962415324492936 -0.000965590288005048632235 0.024124892469169358089065
2458928.10000000 0.957987941332440251507307 -0.000278279845535835341011 -0.000924329616198576748537 -0.286806855629782475602951
2458928.20000000 0.821982945151751853707367 -0.000551193596191470276333 -0.000792100911068939917553 -0.569511287544652855530103
2458928.30000000 -0.605079007806002988623106 0.000769868959079989955037 0.000581915440370897206132 0.796164846616588484096155
2458928.40000000 -0.328623649441086407296808 0.000912783869736892008659 0.000314456877161164245673 0.944460462364628883236151
2458928.50000000 -0.019825397556356236933306 0.000965871747090367850468 0.000016045856061212951426 0.999802990816486381042694
2458928.60000000 0.290924053627717726921986 0.000923906075489312663546 -0.000283950241820359679419 0.956745661495342014646326
2458928.70000000 0.573040978576901727237214 0.000791014782935226348250 -0.000556007529655556573776 0.819526144806991929669948
2458928.80000000 0.798759641154247246319642 0.000580274369030866501128 -0.000773351173448250475174 0.601649483397157291975077
2458928.90000000 0.945864982681780763762447 0.000312423088929266281385 -0.000914590503743159446287 0.324558932170916747406153
2458929.00000000 0.999879005075639093469420 0.000013820146556839684027 -0.000965824273322936333562 0.015525533838962763191760
2458929.10000000 0.955485688436832680814348 -0.000286148342459674833761 -0.000922008881961997451941 -0.295035874446914592184044
2458929.20000000 0.817054190027820648190016 -0.000557961340692311649064 -0.000787454887466551675841 -0.576560074191113325348113
2458929.30000000 -0.598208834830250446579214 0.000774868195706808135514 0.000575402927462395760369 0.801339664824533559617237
2458929.40000000 -0.320488214459822673418898 0.000915521360989320987303 0.000306720769414371534356 0.947252010889852225083985
2458929.50000000 -0.011225386594142299986898 0.000966077399074839553682 0.000007849727830782627887 0.999936526649671919564355
2458929.60000000 0.299142235357960417641010 0.000921559453323359499544 -0.000291797578695665279017 0.954208042623254648617603
2458929.70000000 0.580068503826939863010637 0.000786347422371224649869 -0.000562731618099620873458 0.814567121763556278857266
2458929.80000000 0.803904866183937083512490 0.000573746778161385892307 -0.000778288318275509381598 0.594757119509323417538837
2458929.90000000 0.948621518321558165887097 0.000304679336451495056445 -0.000917253228904579029183 0.316411568678871324422630
2458930.00000000 0.999975555138646554631521 0.000005624351970188349568 -0.000965949410344121113178 0.006925029589440200722406
2458930.10000000 0.952912751015717485181256 -0.000293987364379714555089 -0.000919583549704574578464 -0.303243065689377755411726
2458930.20000000 0.812064991685536474719243 -0.000564669840174209999861 -0.000782717798969887910629 -0.583566206851385049780845
2458930.30000000 -0.591294408720540620727490 0.000779783805311402671012 0.000568820895257757838497 0.806455200612623990252814
2458930.40000000 -0.312329073169903992379659 0.000918158440463036893721 0.000298942719660254361148 0.949973482614469344476049
2458930.50000000 -0.002624546678174857587684 0.000966174966932028026455 -0.000000357247491458813346 0.999996089122399345328063
2458930.60000000 0.307338284329512101411552 0.000919106852977332583997 -0.000299623818333035884121 0.951599834201887317952639
2458930.70000000 0.587053114348186189097589 0.000781585681048188769815 -0.000569404825133633754088 0.809547840362373039013733
2458930.80000000 0.808990618163800800921592 0.000567144818477331160919 -0.000783149628111794366726 0.587820759029215711422012
2458930.90000000 0.951307875874381814185199 0.000296887804937872939407 -0.000919822208046286080539 0.308240800484968491268489
2458931.00000000 0.999998128980577050128886 -0.000002588483269714372395 -0.000965971486726947738827 -0.001675985466611851215646
2458931.10000000 0.950269319447456517480077 -0.000301811333439888521222 -0.000917055197147758249972 -0.311427822193291348185085
2458931.20000000 0.807015719252323848742492 -0.000571332748425306563046 -0.000777886987401902089100 -0.590529167230283147382863
2458931.30000000 -0.584336242206312972413684 0.000784627595231381308807 0.000562162755470608545283 0.811511074709456381448547
2458931.40000000 -0.304146830600716067127820 0.000920704134056812145692 0.000291112807811087933273 0.952624675825834099640588
2458931.50000000 0.005976482977552717568148 0.000966169977125644514893 -0.000008587485011679892480 0.999981673878376664532652
2458931.60000000 0.315511595610162620673123 0.000916550142022018302958 -0.000307442999569394325322 0.948921228790708948253041
2458931.70000000 0.593994293465680112120708 0.000776727689313629998495 -0.000576041544845821464060 0.804468671981543148596927
2458931.80000000 0.814016520908188656591165 0.000560463038037053193179 -0.000787948587966713740079 0.580840915144632985445128
2458931.90000000 0.953923856672554082436477 0.000289039836648678988631 -0.000922308865382027369233 0.300047232069877822802084
2458932.00000000 0.999946724991382929204065 -0.000010829646289937131131 -0.000965898930208634268896 -0.010276872118116014628852
2458932.10000000 0.947555590254554491735917 -0.000309633431546189755515 -0.000914428615071163279453 -0.319589535692716364412291
2458932.20000000 0.801906748041584682695770 -0.000577964281582092642177 -0.000772963307363845305090 -0.597448437883708272089223
2458932.30000000 -0.577334850089017970198313 0.000789413880627829215794 0.000555425481448985729205 0.816506913136853418322403
2458932.40000000 -0.295942089301953703550652 0.000923171893177904875211 0.000283224519664516439805 0.955205395355693043235590
2458932.50000000 0.014577069007940042510985 0.000966074085437387450846 -0.000016850301055996480439 0.999893282043445852380614
2458932.60000000 0.323661561777973560971589 0.000913897848441784055144 -0.000315266404717257618402 0.946172425525471205709493
2458932.70000000 0.600891528893957249657376 0.000771778238173027072815 -0.000582654309940713009686 0.799329991539839079806029
2458932.80000000 0.818982203495102645263160 0.000553702215517878275179 -0.000792698158559507095981 0.573818103061515372154133
2458932.90000000 0.956469267249011823039950 0.000281132262503348557669 -0.000924725721377344625669 0.291831469609830029821040
2458933.00000000 0.999821346993490012167172 -0.000019105875177675231327 -0.000965742954097360589878 -0.018876998468525765795256
2458933.10000000 0.944771763333557945685470 -0.000317463299682920873507 -0.000911712895469592317886 -0.327727605190255344425054
2458933.20000000 0.796738454319817490656419 -0.000584576114093657219113 -0.000767953026620061553718 -0.604323509327799324175601
2458933.30000000 -0.570290747957602150997047 0.000794155368635918071200 0.000548611978906490328246 0.821442348029020830146862
2458933.40000000 -0.287715456252065349129765 0.000925574413607448283868 0.000275277077688225631225 0.957715450312724314585466
2458933.50000000 0.023176575152461093703993 0.000965898979097203134840 -0.000025150230708695381224 0.999730920183213078722417
2458933.60000000 0.331787584096959575763464 0.000911160071155743349867 -0.000323102052892100066826 0.943353626394141997479892
2458933.70000000 0.607744310395734843588400 0.000766745077789086361929 -0.000589253956610008089792 0.794132179213667632744489
2458933.80000000 0.823887298597898776186810 0.000546867144985524922425 -0.000797411126044050995974 0.566752842322122973861553
2458933.90000000 0.958943920192090515364214 0.000273166517929693361978 -0.000927086499648268648477 0.283594118092747815573773
2458934.00000000 0.999622004289253185405073 -0.000027419244241671486919 -0.000965517142973372553653 -0.027475726834962990036137
2458934.10000000 0.941918044155252709437320 -0.000325306425785213922715 -0.000908920432482907578002 -0.335841430043411603989512
2458934.20000000 0.791511219547747613134447 -0.000591176780922692945291 -0.000762866402145890546045 -0.611153874138233077495386
2458934.30000000 -0.563204458111199346426190 0.000798863035817897501438 0.000541729600578418827965 0.826317013445740489174796
2458934.40000000 -0.279467538638896617619878 0.000927924313057502882403 0.000267274391024368337261 0.960154655442282289889988
2458934.50000000 0.031774366695677451477575 0.000965657969131448351043 -0.000033487068418227693839 0.999494600287531120841322
2458934.60000000 0.339889062796571994606865 0.000908349749885164082369 -0.000330953246817203760796 0.940465039414771775128088
2458934.70000000 0.614552132189720823340906 0.000761639663735336485025 -0.000595847035031782097485 0.788875618644448772798228
2458934.80000000 0.828731444185782373246241 0.000539966799095160715147 -0.000802096819086684843271 0.559645654404307690832354
2458934.90000000 0.961347632822820652442886 0.000265148298760409521953 -0.000929402663324114673878 0.275335785492060225454480
2458935.00000000 0.999348711598251893128975 -0.000035767850675894903969 -0.000965234317380910217081 -0.036072422566635106710997
2458935.10000000 0.938994643316036436964112 -0.000333164890638902035872 -0.000906064541937818342283 -0.343930411379203104793589
2458935.20000000 0.786225429513534579406553 -0.000597772192734505650701 -0.000757716349906074134075 -0.617939028157188152690082
2458935.30000000 -0.556076502362485070030118 0.000803546137958353326111 0.000534789986088428175547 0.831130550414862279140493
2458935.40000000 -0.271198945205159580584819 0.000930233415525794039500 0.000259226021698125759941 0.962522830683393726403096
2458935.50000000 0.040369809080665897127460 0.000965364451491865075729 -0.000041854014036643974515 0.999184339766213902578329
2458935.60000000 0.347965397164997636281214 0.000905481097444809463967 -0.000338816784059508538038 0.937506878738736726397462
2458935.70000000 0.621314492949155749990098 0.000756476016331584697437 -0.000602434001690827164791 0.783560696862655392536112
2458935.80000000 0.833514283521409105048861 0.000533013931121333072762 -0.000806759120985453526652 0.552497062617527290306896
2458935.90000000 0.963680226885115565060858 0.000257088030376656040497 -0.000931681053776469889592 0.267057084134295241728552
2458936.00000000 0.999001488998080278136626 -0.000044144569438412902592 -0.000964903630258596967627 -0.044666452639482927267078
2458936.10000000 0.936001777038169890943209 -0.000341035635070408157336 -0.000903155923978457217394 -0.351993950778890341002381
2458936.20000000 0.780881475203507702254058 -0.000604363855435957326827 -0.000752514304141743283101 -0.624678469414294279538069
2458936.30000000 -0.548907407984844719628370 0.000808210898111003496827 0.000527804503306960551973 0.835882602807502927966254
2458936.40000000 -0.262910286213718868975064 0.000932512426018677399210 0.000251142533546704690029 0.964819801180782699034921
2458936.50000000 0.048962267895802970285590 0.000965032977515174706859 -0.000050241939305341998647 0.998800161448291756727258
2458936.60000000 0.356015992468958653027755 0.000902570455485647246165 -0.000346685663191409780201 0.934479362148482040062447
2458936.70000000 0.628030891223467335748865 0.000751271166886783767734 -0.000609010966948193713591 0.778187807900872718924745
2458936.80000000 0.838235461908567680566762 0.000526025217964181486183 -0.000811397953425313359956 0.545307596984581643972945
2458936.90000000 0.965941530954001259523523 0.000249001093825276104132 -0.000933925706666050058427 0.258758622192518272786543
2458937.00000000 0.998580362092628792680671 -0.000052536106561620435113 -0.000964533077087587130231 -0.053257181284664514842042
2458937.10000000 0.932939666150841451219833 -0.000348908108807485903453 -0.000900205924500795204996 -0.360031453090206288170094
2458937.20000000 0.775479750982636328870967 -0.000610944458164846757042 -0.000747273938816958322590 -0.631371700461512252999796
2458937.30000000 -0.541697704073162089599691 0.000812853588535160484670 0.000520787816381079260789 0.840572819837934859243944
2458937.40000000 -0.254602176223513387842701 0.000934761390289955617847 0.000243038067726934574591 0.967045396563879999796143
2458937.50000000 0.057551107490927615184528 0.000964667404634932329835 -0.000058638760362399091480 0.998342093675505748429089
2458937.60000000 0.364040253133846358757353 0.000899626151622905036349 -0.000354550560822995003158 0.931382713531012651486662
2458937.70000000 0.634700831262179354652631 0.000746037127759112601334 -0.000615572005933427137889 0.772757348262715026976366
2458937.80000000 0.842894630852612292137849 0.000519015235231507074051 -0.000816011238337122557160 0.538077788082748087461482
2458937.90000000 0.968131377263566683666340 0.000240903283191753840847 -0.000936138617692799457695 0.250441014946324591594617
2458938.00000000 0.998085361954196725875477 -0.000060926894337801365488 -0.000964128708982984377121 -0.061843972996844506773151
2458938.10000000 0.929808537105708765579948 -0.000356768364367406726721 -0.000897224367889243117589 -0.368042323693302031450969
2458938.20000000 0.770020656394390989873955 -0.000617502891741867113683 -0.000742008308623451286364 -0.638018226102519681042224
2458938.30000000 -0.534447922682835585561634 0.000817466869159979648077 0.000513755422572563600486 0.845200855266146633404389
2458938.40000000 -0.246275226987508061293752 0.000936977298974973763293 0.000234929569559892914782 0.969199452875097344772826
2458938.50000000 0.066135691038423885523834 0.000964269207029778215208 -0.000067027226074648199160 0.997810170354383352275818
2458938.60000000 0.372037584158411871460004 0.000896653909987323743426 -0.000362395593065279830822 0.928217162443263688054174
2458938.70000000 0.641323819594277866329435 0.000740783515500585861002 -0.000622103778893077575055 0.767269719620730761278082
2458938.80000000 0.847491445618420935481652 0.000511996793315263763399 -0.000820589143209919766493 0.530808170713000682106042
2458938.90000000 0.970249603388761538980134 0.000232809613741043989078 -0.000938314149341818413974 0.242104879111696036364521
2458939.00000000 0.997516525230957573633361 -0.000069300916984881721266 -0.000963689453516674079947 -0.070426191084708489320576
2458939.10000000 0.926608622013510907500233 -0.000364600702067599882761 -0.000894214779279053017212 -0.376025968592497872311498
2458939.20000000 0.764504595219570592945502 -0.000624025092348837835329 -0.000736725237179587850479 -0.644617554613552856679348
2458939.30000000 -0.527158603810981896131693 0.000822039515317303580259 0.000506718848072840763290 0.849766364311063004954860
2458939.40000000 -0.237930057324461236012425 0.000939152759476919677534 0.000226831409204912288861 0.971281809960775843748593
2458939.50000000 0.074715384938672052550501 0.000963835505504698013789 -0.000075391170791056465314 0.997204430691258525421006
2458939.60000000 0.380007395280947180005171 0.000893655381327407511219 -0.000370203829942602753549 0.924982942469976809896082
2458939.70000000 0.647899365118726255907688 0.000735516370959474479092 -0.000628589984982579909854 0.761725328821503788745417
2458939.80000000 0.852025565320805644553559 0.000504979872871595767553 -0.000825117361994713387728 0.523499283873216536555617
2458939.90000000 0.972296052602895310990050 0.000224733281789520501076 -0.000940441205012472361373 0.233750831351706600536033
2458940.00000000 0.996873893973127200851536 -0.000077642706469447964361 -0.000963208383547259610474 -0.079003200666761738690802
2458940.10000000 0.923340157004618689029485 -0.000372388486524899170894 -0.000891175023463731084961 -0.383981798521774997379197
2458940.20000000 0.758931977382903855122720 -0.000630494439173136006667 -0.000731427612897607871273 -0.651169195520836074919657
2458940.30000000 -0.519830284196633241045049 0.000826556118680413362196 0.000499685809408049628685 0.854269010763274994069150
2458940.40000000 -0.229567285993784120368133 0.000941274685009125785043 0.000218755544943268463460 0.973292313413046672465612
2458940.50000000 0.083289551570054548568223 0.000963356499444445717878 -0.000083715349559044193416 0.996524919675755072034917
