2458484.50000000 -0.642005273958274669254820 0.000704825499120690919345 0.000572383694606751767045 0.766699682931509918226709
2458484.60000000 -0.372862124942294315133040 0.000847896544927813486034 0.000325675294392714946221 0.927886313505211890451108
2458484.70000000 -0.067022166790701109828632 0.000907518628490276593572 0.000046904019387684048033 0.997751072847527398224088
2458484.80000000 0.245414061045953230122407 0.000877820795991689955054 -0.000236493497057464632880 0.969417924396983599066857
2458484.90000000 0.533696822280901539414799 0.000761723023550156465473 -0.000496624318648688145225 0.845675395780944083590214
2458485.00000000 0.769453546162012114173478 0.000570649123659903285098 -0.000707884487524805452313 0.638702132106533593258746
2458485.10000000 0.929481232290743974999714 0.000323402681697409057158 -0.000849479120507934132994 0.368868286268870804178732
2458485.20000000 0.998030076489497153247044 0.000044316615790701464493 -0.000907469283142079059280 0.062730701874496822001426
2458485.30000000 0.968353553570952318985121 -0.000239141533475327829929 -0.000876144155996243624920 -0.249580789463050151111290
2458485.40000000 0.843372404271603204328756 -0.000499072921588710762507 -0.000758583420969977475536 -0.537328729168851215725056
2458485.50000000 -0.635387178966480004049799 0.000709893252552366784032 0.000566354487586486301555 0.772193180557030678379249
2458485.60000000 -0.364867626680963175189731 0.000850850793539820984997 0.000318374474456691773996 0.931058961446882382695378
2458485.70000000 -0.058438077743604183167392 0.000908069340831300962982 0.000039048073088161041656 0.998290621489911211838830
2458485.80000000 0.253742901303275092406153 0.000875913986936825640812 -0.000244133602282682035450 0.967271271780266284068261
2458485.90000000 0.540950696812576348193602 0.000757546060845279444797 -0.000503298858623701765580 0.841053813041636399994161
2458486.00000000 0.774918532683942506977814 0.000564612316260310834887 -0.000712938611666223947400 0.632060472292040653741196
2458486.10000000 0.932619470949038964491251 0.000316098953770106033418 -0.000852417163798872639345 0.360860216528354704745851
2458486.20000000 0.998532704198582532484352 0.000036463236247818013613 -0.000908003427374983493152 0.054144370398367544505724
2458486.30000000 0.966171102104541934529891 -0.000246773438565964459233 -0.000874222665283563502014 -0.257900322402747350647445
2458486.40000000 0.838719668843536658719984 -0.000505734142581486527564 -0.000754395677256603164676 -0.544562661421795546345948
2458486.50000000 -0.628722078287526020545783 0.000714930105527471757877 0.000560312334458800266439 0.777629553964130582066616
2458486.60000000 -0.356846133564723055897616 0.000853769515894839750580 0.000311071679585680593676 0.934162732756803504408083
2458486.70000000 -0.049849661169571554686364 0.000908584209023799286610 0.000031202120852411916840 0.998756319019911575907145
2458486.80000000 0.262052974478980682526696 0.000873975470322280504308 -0.000251752170441836532148 0.965053061419000823839554
2458486.90000000 0.548164556687931181500062 0.000753345617600332628609 -0.000509942170701705257442 0.836370008560892497229133
2458487.00000000 0.780326196102566482792895 0.000558563503827081276991 -0.000717954931214536177207 0.625372049441960564664100
2458487.10000000 0.935688718532467378352635 0.000308796716288664194715 -0.000855314886796801495360 0.352825445641085533310388
2458487.20000000 0.998961462977856484712902 0.000028625371396887312308 -0.000908499317264648150426 0.045554026106168425680476
2458487.30000000 0.963917173066010546378379 -0.000254376861887273795788 -0.000872269584890230276382 -0.266200784946925284035757
2458487.40000000 0.834004881903507189200297 -0.000512356482620933938177 -0.000750187105961773893076 -0.551756315478959757925281
2458487.50000000 -0.622010458072303151766391 0.000719921517975267923235 0.000554263228453929970158 0.783008406438640447433386
2458487.60000000 -0.348798233474556407252010 0.000856640765781618114191 0.000303777449143701101537 0.937197399809997055974975
2458487.70000000 -0.041257549479501776090729 0.000909054768568014312687 0.000023380255712417657407 0.999148131001355022107191
2458487.80000000 0.270343668623328314826182 0.000872000897612029029528 -0.000259332789167868236861 0.962763456512535142906017
2458487.90000000 0.555337869407252049391843 0.000749121791312373211044 -0.000516536879142387417817 0.831624327931829276927544
2458488.00000000 0.785676135364866135013528 0.000552507228430257932121 -0.000722916471815462664124 0.618637359399902053702647
2458488.10000000 0.938688747860426886404639 0.000301504614301384464906 -0.000858156981782715782073 0.344764567932260901361730
2458488.20000000 0.999316320769269794688228 0.000020815123011904769804 -0.000908944376304044311492 0.036960308856736692750822
2458488.30000000 0.961591935000591035986872 -0.000261937162863331554543 -0.000870275869214888757493 -0.274481555938461629917668
2458488.40000000 0.829228395339325907720252 -0.000518923879578981716958 -0.000745952678072199872918 -0.558909154188078294289710
2458488.50000000 -0.615252821603193389421449 0.000724851228664136768357 0.000548206320730317388581 0.788329334459562214298955
2458488.60000000 -0.340724528600039433534619 0.000859449541609508846189 0.000296495065343420425696 0.940162735406576577368298
2458488.70000000 -0.032662384142236385031755 0.000909468357104542633046 0.000015589585473660905001 0.999466028080085333584748
2458488.80000000 0.278614366139892766227604 0.000869980807138698341088 -0.000266865100274908738191 0.960402627493607163877698
2458488.90000000 0.562470101814108280890991 0.000744868910030950319955 -0.000523070173226996377666 0.826817123753967431198930
2458489.00000000 0.790967953720943972584223 0.000546441893698724557096 -0.000727808929452044878379 0.611856901474148506814288
2458489.10000000 0.941619335384272448941090 0.000294225107241944934620 -0.000860928700315376172966 0.336678183824813848090685
2458489.20000000 0.999597251299698119630932 0.000013038682614618336619 -0.000909324480763355107518 0.028363852926470155962901
2458489.30000000 0.959195559071519987526244 -0.000269444986140906595027 -0.000868229026492624376271 -0.282742025590423828873554
2458489.40000000 0.824390561616432648861519 -0.000525424587294242347729 -0.000741682417065428326898 -0.566020649582320567461124
2458489.50000000 -0.608449666452476334299604 0.000729706018132922568445 0.000542134844656763583044 0.793591946161523509317703
2458489.60000000 -0.332625613426528465854659 0.000862182103330785300221 0.000289221625317806908372 0.943058521134946925457143
2458489.70000000 -0.024064798074497125573989 0.000909811584102008684069 0.000007831231407813543576 0.999709986783643089758300
2458489.80000000 0.286864455157708919674775 0.000867902987357260118952 -0.000274344123508600686804 0.957970748951407768956301
2458489.90000000 0.569560726240320058799682 0.000740576688016623334125 -0.000529533692819222456642 0.821948751604678062854248
2458490.00000000 0.796201259636348690484908 0.000540359768200845080009 -0.000732621304170371430604 0.605031177238385620142935
2458490.10000000 0.944480265245585259847871 0.000286953493915333710321 -0.000863617341187277441118 0.328566888751964658599292
2458490.20000000 0.999804233655925633783568 0.000005294687554755301668 -0.000909626280288307830467 0.019765295733903013447597
2458490.30000000 0.956728222884010937043797 -0.000276898254459372983143 -0.000866116138909021871482 -0.290981581388128629495071
2458490.40000000 0.819491741071871726553866 -0.000531853189894259271303 -0.000737364855755750342979 -0.573090271894311942268985
2458490.50000000 -0.601601499363211833504295 0.000734477449037787403531 0.000536039652335418845622 0.798795849493432852383989
2458490.60000000 -0.324502091231174016883188 0.000864827676921626478310 0.000281950667336708078823 0.945884541243402710009036
2458490.70000000 -0.015465430248642443936125 0.000910072195328549826687 0.000000101939439127321084 0.999879988916458906089701
2458490.80000000 0.295093323931799544901367 0.000865754629492318885688 -0.000281769605390014125403 0.955468001162485536248425
2458490.90000000 0.576609216898363086123425 0.000736232688138883733207 -0.000535923631639332416141 0.817019572430669804852243
2458491.00000000 0.801375665910621926002477 0.000534249645132978709210 -0.000737346464427426147477 0.598160691606736572012437
2458491.10000000 0.947271324290581917537679 0.000279680538505556151863 -0.000866212935727234730615 0.320431286909458212797119
2458491.20000000 0.999937252428347633781414 -0.000002423564346094002889 -0.000909837696800676006860 0.011165276320083740782541
2458491.30000000 0.954190109348659665222669 -0.000284300767174100314262 -0.000863923927852500942587 -0.299199612348437837816562
2458491.40000000 0.814532294420780678123606 -0.000538210428270866265456 -0.000732986538935272201670 -0.580117500516518558306700
2458491.50000000 -0.594708824597729668326451 0.000739163251727151097460 0.000529908175591274101246 0.803940661230812536608425
2458491.60000000 -0.316354560210473922943208 0.000867380819120233833262 0.000274671523053621343367 0.948640587598825635318178
2458491.70000000 -0.006864918298998627307905 0.000910242025710226282907 -0.000007606431847656690816 0.999976021861579189575764
2458491.80000000 0.303300363692100727330825 0.000863525545314929900143 -0.000289146717098315568940 0.952894569247715095272611
2458491.90000000 0.583615052323946503776142 0.000731825579937061447902 -0.000542241930029642329840 0.812029950867312444451329
2458492.00000000 0.806490787091212468773449 0.000528100038558053114929 -0.000741983052073549344263 0.591245956356687196731059
2458492.10000000 0.949992306045103984679656 0.000272395589131358914232 -0.000868710956582144952325 0.312271980165946372309804
2458492.20000000 0.999996297783126708580426 -0.000010124970297333208126 -0.000909951334531008460861 0.002564430903279970273834
2458492.30000000 0.951581407554662694892045 -0.000291658907412525956332 -0.000861642594730282844993 -0.307395506315799593721749
2458492.40000000 0.809512591946283555088826 -0.000544499648453089231219 -0.000728535868629097025859 -0.587101810792361789026472
2458492.50000000 -0.587772156776944054712430 0.000743763485375963204378 0.000523727729934817215311 0.809025997260014451128995
2458492.60000000 -0.308183628666028830433987 0.000869838464994088103946 0.000267371607536754166135 0.951326454438982782590983
2458492.70000000 0.001736100046290480532901 0.000910314959528452311358 -0.000015305505360608778038 0.999998078522558286884703
2458492.80000000 0.311484961692701678437345 0.000861206896634829203487 -0.000296485369584435244899 0.950250645386858439067623
2458492.90000000 0.590577709486665436422470 0.000727344379356572407966 -0.000548496211758695093735 0.806980259473042749185367
2458493.00000000 0.811546243939351152896222 0.000521898610141995327599 -0.000746536011605126266152 0.584287484251883593167065
2458493.10000000 0.952643008322521023245599 0.000265085916786810015574 -0.000871113462757337839865 0.304089574935984041648140
2458493.20000000 0.999981365370443353590701 -0.000017821599659655238751 -0.000909966351873307951678 -0.006036601300022415711455
2458493.30000000 0.948902310100952273153041 -0.000298983033990801120444 -0.000859268551347495165675 -0.315568658379622113407947
2458493.40000000 0.804433005063662776024103 -0.000550728530756844076970 -0.000724006815240215957988 -0.594042686072385528461837
2458493.50000000 -0.580792009120807417588139 0.000748282376444279247879 0.000517490271015069226192 0.814051481429990397842289
2458493.60000000 -0.299989901101538725125550 0.000872201387616103676614 0.000260041031948289472295 0.953941943139219095115777
2458493.70000000 0.010336987019245106114718 0.000910288308205879420285 -0.000023006075657595422603 0.999946157323004403139066
2458493.80000000 0.319646515266118869114109 0.000858792715450249649102 -0.000303796240485961497116 0.947536424345195360530170
2458493.90000000 0.597496674528594673425630 0.000722780205358422556637 -0.000554696016965298120162 0.801870871043464328309369
2458494.00000000 0.816541662509376098277869 0.000515634099604982414251 -0.000751012845347055822513 0.577285790131065734698268
2458494.10000000 0.955223235096028466806217 0.000257738560678169505592 -0.000873425223751742333886 0.295884676574556582107078
2458494.20000000 0.999892456390551687128720 -0.000025527314948485238028 -0.000909884362718230144118 -0.014637182510079262132141
2458494.30000000 0.946153016168717164724455 -0.000306287032462489216059 -0.000856800147254684041874 -0.323718461129937462583683
2458494.40000000 0.799293908734549862771246 -0.000556910072834077398210 -0.000719394672444484471578 -0.600939614089426532572702
2458494.50000000 -0.573768896840454845076351 0.000752731130029293837337 0.000511188543351295690900 0.819016742869309144481349
2458494.60000000 -0.291773983704831096908094 0.000874477663141203431438 0.000252670280462783725973 0.956486860275298833578006
2458494.70000000 0.018937104872314064474281 0.000910166654518319113640 -0.000030719287111107588747 0.999820262203063747641352
2458494.80000000 0.327784417863214605493027 0.000856284015756313588059 -0.000311091234262587945647 0.944752107912829708347147
2458494.90000000 0.604371435633847431390109 0.000718130686076749649022 -0.000560852977495908682111 0.796702163623120962476776
2458495.00000000 0.821476673313260574715855 0.000509301148558972613389 -0.000755423800675139762995 0.570241391999078306440651
2458495.10000000 0.957732795128046876520500 0.000250345731330199649037 -0.000875654031149293663600 0.287657893500231798267208
2458495.20000000 0.999729577461821228290262 -0.000033251693723457731357 -0.000909709787015754080958 -0.023236679414191593884276
2458495.30000000 0.943333728767364987355393 -0.000313581578238423185848 -0.000854237775831934490443 -0.331844313065640938997802
2458495.40000000 0.794095684956779734875454 -0.000563055372636812813576 -0.000714695504457220462564 -0.607792082304160152794736
2458495.50000000 -0.566703343166823136911603 0.000757120643072610910625 0.000504814381317884083161 0.823921411770543787866927
2458495.60000000 -0.283536485711316899038792 0.000876677395764554234954 0.000245248414786768836361 0.958961017226547696168382
2458495.70000000 0.027535818836382605634405 0.000909958246317690627389 -0.000038458051457507983308 0.999620402541753994007934
2458495.80000000 0.335898068861758714032106 0.000853686298128061827294 -0.000318384370611794569311 0.941897901678184990004183
2458495.90000000 0.611201484251808646597226 0.000713397953949776106319 -0.000566981344092664881797 0.791474519642621054948961
2458496.00000000 0.826350910484241141240602 0.000502898237603581770190 -0.000759782513136754086847 0.563154812254507031177297
2458496.10000000 0.960171503274484083867435 0.000242902340567406307059 -0.000877812122900193227484 0.279409832940228419762008
2458496.20000000 0.999492740802647827713656 -0.000041002932810535064215 -0.000909452768394901247921 -0.031834451416533127154906
2458496.30000000 0.940444657024815167112308 -0.000320877210132751162878 -0.000851588901997072864059 -0.339945611690111004765669
2458496.40000000 0.788838718368009450543354 -0.000569176289806934106522 -0.000709913641121585566908 -0.614599583846346608773104
2458496.50000000 -0.559595868435526555551007 0.000761462934930677006959 0.000498368669892489037782 0.828765127060981821038865
2458496.60000000 -0.275278015144342136366618 0.000878811993616009957953 0.000237772262348938552817 0.961364231460564266917856
2458496.70000000 0.036132492799574422726039 0.000909673047121633041555 -0.000046229251979345870743 0.999346593190595933187126
2458496.80000000 0.343986866671178503906958 0.000851007297221695368020 -0.000325685602841953693656 0.938974017357742773981499
2458496.90000000 0.617986313997103242634523 0.000708586839860422183605 -0.000573093269553148786967 0.786188326789883595857589
2458497.00000000 0.831164014332975265020309 0.000496426787284396644692 -0.000764102312758662728653 0.556026573992325801043535
2458497.10000000 0.962539179184180637705026 0.000235406121531108055399 -0.000879912916684540504821 0.271141105095481893538789
2458497.20000000 0.999181963895233504757698 -0.000048787006338201711268 -0.000909125752540772312862 -0.040429866885942494780792
2458497.30000000 0.937486013741796186948818 -0.000328183330124540617503 -0.000848864049134588063636 -0.348021760474496621995399
2458497.40000000 0.783523397043524361116340 -0.000575285090856262107915 -0.000705056916297800784568 -0.621361616312745890233771
2458497.50000000 -0.552446998491030627498333 0.000765772308456535012559 0.000491856020443465539148 0.833547530455418739236961
2458497.60000000 -0.266999182961799919056034 0.000880896319961119492713 0.000230242933796086240864 0.963696325253621366435652
2458497.70000000 0.044726490790608898484582 0.000909325342841726036100 -0.000054035539243027672313 0.998998854468259311900624
2458497.80000000 0.352050214301738606526015 0.000848259653372390232985 -0.000333001301187184708692 0.935980670834347328046476
2458497.90000000 0.624725424141927332399860 0.000703707418450226539555 -0.000579198482240254734245 0.780843975295497205735273
2458498.00000000 0.835915628853909131734667 0.000489893598378342352666 -0.000768395622182978048874 0.548857204571328138875685
2458498.10000000 0.964835647761507542163883 0.000227860146753335480324 -0.000881970607316907308747 0.262852321686474432738123
2458498.20000000 0.998797269827156997124007 -0.000056604742411456356065 -0.000908743591938876980364 -0.049022288467166087733151
2458498.30000000 0.934458018341282947716309 -0.000335504559599223166257 -0.000846077511059066143459 -0.356072160589586572676524
2458498.40000000 0.778150114248978175268689 -0.000581389817788557331131 -0.000700137847652593280426 -0.628077679500529284517540
2458498.50000000 -0.545257262216016114209083 0.000770059621135252953504 0.000485286064565018020276 0.838268268220835666149071
2458498.60000000 -0.258700601634924975957830 0.000882943610353823220976 0.000222666421907556064163 0.965957126141584465628398
2458498.70000000 0.053317177055775377692015 0.000908929710318082942008 -0.000061874971108556495029 0.998577212161796179401563
2458498.80000000 0.360087516643445848529836 0.000845458102296513052364 -0.000340333708425730901460 0.932918083076341830839340
2458498.90000000 0.631418317322452238293806 0.000698773356085004228484 -0.000585303260292190921307 0.775441859642076347647333
2458499.00000000 0.840605403377111426443946 0.000483310097611213524381 -0.000772672340096414969786 0.541647233170868824814193
2458499.10000000 0.967060739553857406924919 0.000220272591992445008775 -0.000883998062049365092123 0.254544094491882033626240
2458499.20000000 0.998338687118423551147828 -0.000064451978639035108513 -0.000908321274974174851582 -0.057611080538530722028323
2458499.30000000 0.931360894883094703189386 -0.000342841198519866052329 -0.000843245405691173859422 -0.364096216513400239289666
2458499.40000000 0.772719265661439669301558 -0.000587495323961564658473 -0.000695172602497203906240 -0.634747278890997468359103
2458499.50000000 -0.538027189048633003309874 0.000774333994159831159876 0.000478673917481692550845 0.842926992759290949486228
2458499.60000000 -0.250382883661691202359378 0.000884966239137791434513 0.000215055494640684362372 0.968146467304859648095317
2458499.70000000 0.061903917538318906088612 0.000908501015021066023365 -0.000069738297397767560950 0.998081697435452386280019
2458499.80000000 0.368098180488605819515868 0.000842619086833558753047 -0.000347677996250409383338 0.929786480130666337373668
2458499.90000000 0.638064499566810550135187 0.000693801653133045009847 -0.000591407751766082393462 0.769982378543996981434816
2458500.00000000 0.845232991773464892304446 0.000476692766063349768115 -0.000776937739746704435738 0.534397191936000659495676
2458500.10000000 0.969214290342426676438947 0.000212658338507023880271 -0.000886005399944350354770 0.246217036710747960714940
2458500.20000000 0.997806249465895578332209 -0.000072316463604631087917 -0.000907873072216831269662 -0.066195612115641497275043
2458500.30000000 0.928194870903596203071118 -0.000350184537151743949159 -0.000840385094632779285594 -0.372093338762799152874550
2458500.40000000 0.767231253032429560967387 -0.000593597179705582949673 -0.000690180291720362800237 -0.641369921077855176250182
2458500.50000000 -0.530757313841404010368308 0.000778595792637666638328 0.000472038915816463012110 0.847523359425190414562223
2458500.60000000 -0.242046640090355286156765 0.000886970010299607466986 0.000207428413319242770530 0.970264187877898032219548
2458500.70000000 0.070486081433266317697317 0.000908050191082027677650 -0.000077609596427810129864 0.997512346663203208763093
2458500.80000000 0.376081614602493730092903 0.000839757930083818125711 -0.000355021759059274543292 0.926586093098669905110398
2458500.90000000 0.644663480336777783286095 0.000688810896737674337176 -0.000597504078533624594267 0.764465934916701006507367
2458501.00000000 0.849798052483517807331737 0.000470062034854648450651 -0.000781189229703629548461 0.527107615938094187235663
2458501.10000000 0.971296141157541259580910 0.000205038060295896582691 -0.000887995755884268627399 0.237871762920976698163500
2458501.20000000 0.997199996103157348947832 -0.000080178930933955266133 -0.000907407910411487349245 -0.074775249607286320419064
2458501.30000000 0.924960180008434051934785 -0.000357518279099990922681 -0.000837510955788847884229 -0.380062937096671382697366
2458501.40000000 0.761686480434748625079067 -0.000599683402653898556776 -0.000685179991832378658574 -0.647945118378619899779380
2458501.50000000 -0.523448171879593360245053 0.000782838357664500015219 0.000465403699079393849691 0.852057029733964022000237
2458501.60000000 -0.233692489003321596241491 0.000888954008080353728395 0.000199809576050313661899 0.972310130781361858787193
2458501.70000000 0.079063032391005205745671 0.000907582428232304311289 -0.000085464486900212416429 0.996869202001366305765373
2458501.80000000 0.384037228394079666049521 0.000836885829710086112665 -0.000362342414657249489891 0.923317158693142903125306
2458501.90000000 0.651214771437584771796026 0.000683817722129191271629 -0.000603573114335461606388 0.758892936819069552356609
2458502.00000000 0.854300247770383380796488 0.000463438956555447905111 -0.000785412554225567980694 0.519779044412687518672556
2458502.10000000 0.973306137961903239386174 0.000197435820423199221698 -0.000889960814635605470396 0.229508890447106345122918
2458502.20000000 0.996519972049376367984053 -0.000088013999337402582966 -0.000906924066610475523506 -0.083349355418786602589520
2458502.30000000 0.921657061994490378609157 -0.000364817585742698024826 -0.000834628049628372177537 -0.388004420566998853292517
2458502.40000000 0.756085358950961183843731 -0.000605731570868080757865 -0.000680183269001777236415 -0.654472383236707422327072
2458502.50000000 -0.516100305073988407933427 0.000787043428901301701447 0.000458785616891734763113 0.856527667492759769984900
2458502.60000000 -0.225321048393708533996715 0.000890905433563925208684 0.000192221201194597347307 0.974284144635952586988026
2458502.70000000 0.087634135940264576425385 0.000907091362474769661098 -0.000093277432529677122008 0.996152310995827239281653
2458502.80000000 0.391964433329347605727833 0.000834003413742654222708 -0.000369612916682374224950 0.919979918709696642409313
2458502.90000000 0.657717889337306793606786 0.000678829847077002984830 -0.000609588230493759487306 0.753263795517517764643856
2458503.00000000 0.858739245317546973090828 0.000456837967749039734928 -0.000789583403076932026365 0.512412018212126785243754
2458503.10000000 0.975244132364131210977121 0.000189871951113771276869 -0.000891880323263146562729 0.221129036508541348959866
2458503.20000000 0.995766227355809885324334 -0.000095796669870600438621 -0.000906406797471097087741 -0.091917298192644131260565
2458503.30000000 0.918285761767680508427247 -0.000372054345017099117980 -0.000831728210019119285935 -0.395917200356585674558829
2458503.40000000 0.750428303878235114510176 -0.000611712258231892941525 -0.000675189144289563996683 -0.660951231684845152969388
2458503.50000000 -0.508714256985743573657999 0.000791182186803672765456 0.000452190994476681985305 0.860934941963183208990529
2458503.60000000 -0.216932937539654868697170 0.000892798132731810879618 0.000184676610574766790311 0.976186083396086479169185
2458503.70000000 0.096198758009291909787386 0.000906555252576598602846 -0.000101028875876200597184 0.995361726664207080439439
2458503.80000000 0.399862642983749239089519 0.000831094827576661274691 -0.000376808666880875569108 0.916574620007755802575389
2458503.90000000 0.664172349626916402876020 0.000673838412986835547623 -0.000615521339424964430628 0.747578930325003443435605
2458504.00000000 0.863114714475036959306919 0.000450257871882340273816 -0.000793672018608243892701 0.505007086097716828554383
2458504.10000000 0.977109980012398571247445 0.000182353101148272626246 -0.000893724812507881759618 0.212732825307256123714694
2458504.20000000 0.994938818174983197195616 -0.000103512766182387047176 -0.000905828894084419362909 -0.100478439714351025502381
2458504.30000000 0.914846528751930399003811 -0.000379207662017683731250 -0.000828788339616817206455 -0.403800691110941190054007
2458504.40000000 0.744715733731015405716391 -0.000617599096282732580587 -0.000670180239033892326955 -0.667381184453693876434954
2458504.50000000 -0.501290577819453186947385 0.000795224408554293994179 0.000445609423035292745007 0.865278524892116873701298
2458504.60000000 -0.208528781277720731690550 0.000894600114226854706972 0.000177173091073120757711 0.978015805434089724457181
2458504.70000000 0.104756260643223519934963 0.000905942418884251796096 -0.000108713425496140370465 0.994497507943339908997871
2458504.80000000 0.407731267701303745631947 0.000828130754520606097470 -0.000383916294683831632335 0.913101516889612274674448
2458504.90000000 0.670577673778297467244158 0.000668818352129376390326 -0.000621351772580079142819 0.741838762827614517370023
2458505.00000000 0.867426330883860119413953 0.000443679459472443103295 -0.000797651631960655488167 0.497564797176641648857043
2458505.10000000 0.978903542644004920347811 0.000174867146010249590671 -0.000895463074103067420417 0.204320879417919237797108
2458505.20000000 0.994037806104493992798155 -0.000111166554319143184642 -0.000905156726705166371494 -0.109032143737525219484574
2458505.30000000 0.911339619216180563121554 -0.000386273670640288602478 -0.000825774628788554249798 -0.411654305620031246704116
2458505.40000000 0.738948074111287711573937 -0.000623380324458716605918 -0.000665124871603251172428 -0.673761762622829385449563
2458505.50000000 -0.493829816813076472037380 0.000799151167552688201576 0.000439013554599658060908 0.869558095040539380526923
2458505.60000000 -0.200109202796586171935189 0.000896285985377270801727 0.000169689496219697162800 0.979773175195541190518611
2458505.70000000 0.113306007859989968378223 0.000905222633179617909571 -0.000116344768486293748209 0.993559719200838409314258
2458505.80000000 0.415569726758590995974174 0.000825078151830017556510 -0.000390941239664096358477 0.909560865809686980298920
2458505.90000000 0.676933386910179346607208 0.000663736080135754859602 -0.000627076422880182868073 0.736043718752772746505286
2458506.00000000 0.871673774217486818649547 0.000437070955043401745011 -0.000801510805821820690280 0.490085704637982955134134
2458506.10000000 0.980624687088159863179726 0.000167386370746656004205 -0.000897076043693103837399 0.195893824071493305449820
2458506.20000000 0.993063257935008603105587 -0.000118779709490949493436 -0.000904364748556282446734 -0.117577777471021521771277
2458506.30000000 0.907765293341500800750055 -0.000393266444409280722765 -0.000822656569663378269691 -0.419477461589982614231786
2458506.40000000 0.733125753800906054813424 -0.000629061402416983945184 -0.000659989386952467070417 -0.680092492098780532217006
2458506.50000000 -0.486332529820654002605806 0.000802958922172985535039 0.000432368593985315771960 0.873773333738372515178128
2458506.60000000 -0.191674826457869929008382 0.000897843880824170711280 0.000162192121643342339332 0.981458062513195450549119
2458506.70000000 0.121847367141798071377146 0.000904376476378617789355 -0.000123953217015748711665 0.992548429981698898671993
2458506.80000000 0.423377434968462251774213 0.000821911281932934285888 -0.000397908339126691287021 0.905952931277340112181662
2458506.90000000 0.683239016758608763701943 0.000658561158022902054174 -0.000632712957467447024984 0.730194228921149934841139
2458507.00000000 0.875856730382688186686835 0.000430399125535789754595 -0.000805258829871043730828 0.482570361872561248706148
2458507.10000000 0.982273285893197622975492 0.000159876834124336454331 -0.000898564009224054487980 0.187452284175006089750326
2458507.20000000 0.992015246251499283047792 -0.000126384750512177661741 -0.000903444254016381922273 -0.126114705802632121045548
2458507.30000000 0.904123815703707811586298 -0.000400215036208634983555 -0.000819417098092848315838 -0.427269580312698959989604
2458507.40000000 0.727249201669471712072834 -0.000634666080055537921122 -0.000654749578309129576584 -0.686372906787975245457289
2458507.50000000 -0.478799271597209363804382 0.000806664607912264269851 0.000425644904274967710196 0.877923929299267435943932
2458507.60000000 -0.183226277711714791163189 0.000899282632088285955110 0.000154648106664612351073 0.983070342615596781676857
2458507.70000000 0.130379706620039892417395 0.000903404038695640996572 -0.000131572716830312901699 0.991463715246890031629334
2458507.80000000 0.431153818776788488875695 0.000818621472103035654859 -0.000404850458559272586428 0.902277978512641465336230
2458507.90000000 0.689494099080498301646003 0.000653276761055918207648 -0.000638291100975963841997 0.724290724189265544552541
2458508.00000000 0.879974890040808754854140 0.000423640196186649963406 -0.000808920472496402111900 0.475019324947919763246773
2458508.10000000 0.983849217793305697021822 0.000152309511483566026703 -0.000899945319324075513473 0.178996881390321854743419
2458508.20000000 0.990893848564905810327730 -0.000134013866265161727580 -0.000902406137897855263781 -0.134642298626414441686805
2458508.30000000 0.900415455818786014674515 -0.000407152499334271123117 -0.000816059109824669921297 -0.435030085392597853921615
2458508.40000000 0.721318854571354917126769 -0.000640225933780068151221 -0.000649400306428030258017 -0.692602540010756828614547
2458508.50000000 -0.471230595644878902383823 0.000810296128908162202609 0.000418829763689475709915 0.882009576892247793011848
2458508.60000000 -0.174764178734811620463674 0.000900624918832199929629 0.000147037834525784802267 0.984609896906131210059243
2458508.70000000 0.138902397980763342433264 0.000902321441592464183745 -0.000139228239280816734396 0.990305654970441318063479
2458508.80000000 0.438898302928821648638547 0.000815217384134888311230 -0.000411796046984084888887 0.898536279473734600387047
2458508.90000000 0.695698170130778614783651 0.000647883669413268554506 -0.000643840729161352189926 0.718333642391913995695063
2458509.00000000 0.884027950021564090654635 0.000416787137029066593556 -0.000812524969615693089947 0.467433149949791904020913
2458509.10000000 0.985352366291365244777012 0.000144670129686632156253 -0.000901246633373482103867 0.170528241264578578340050
2458509.20000000 0.989699147331211337430545 -0.000141687574526826084434 -0.000901272820248516189946 -0.143159929461894430691160
2458509.30000000 0.896640486847349649224270 -0.000414104209869986723304 -0.000812599495084587262334 -0.442758405392351783724791
2458509.40000000 0.715335147249733460661503 -0.000645769533304646026033 -0.000643952079025156363251 -0.698780935212250153831803
2458509.50000000 -0.463627061918505556370462 0.000813883392997082955912 0.000411926921087712246024 0.886029974304767264925431
2458509.60000000 -0.166289152656701466614919 0.000901899823018541399108 0.000139358085684046246328 0.986076612066462465655547
2458509.70000000 0.147414810754535441361668 0.000901155267622071585489 -0.000146929598392995624774 0.989074334871149152270675
2458509.80000000 0.446610317161979630817825 0.000811721634183104091831 -0.000418760694566908825160 0.894728109735918097911167
2458509.90000000 0.701850776262309183906041 0.000642399330593097263320 -0.000649382000518641333900 0.712323419161254633991120
2458510.00000000 0.888015611209025501615599 0.000409851343995914140991 -0.000816095545519581301933 0.459812396808367163103526
2458510.10000000 0.986782621228848522143551 0.000136963474788088113848 -0.000902492575756831606933 0.162046984509440716859530
2458510.20000000 0.988431230946776206991444 -0.000149407884404711142120 -0.000900068603364459376807 -0.151666968198608753670698
2458510.30000000 0.892799186119279331030896 -0.000421078813981714031832 -0.000809060583908385519414 -0.450453972541055014389144
2458510.40000000 0.709298520300147394834767 -0.000651311633213470385535 -0.000638423792281815941606 -0.704907637430395417332818
2458510.50000000 -0.455989229005472951339328 0.000817446402043307167665 0.000404950657226805534310 0.889984826177950938408401
2458510.60000000 -0.157801822085998050271272 0.000903131254001318835301 0.000131618216387453676680 0.987470380303452133219366
2458510.70000000 0.155916319564205624326192 0.000899931598827993567066 -0.000154672932671004052839 0.987769845405636837121222
2458510.80000000 0.454289294898904016939412 0.000808160637112577471923 -0.000425746310780863784426 0.890853749027514574265751
2458510.90000000 0.707951462286935506718066 0.000636848679247588485286 -0.000654922541056832097604 0.706260499069198077748410
2458511.00000000 0.891937581279627522690134 0.000402854597086010966615 -0.000819645149810159425602 0.452157624054607631958191
2458511.10000000 0.988139876745505296717909 0.000129206773844697450897 -0.000903700667340098448554 0.153553738527632682719926
2458511.20000000 0.987090192288875289960970 -0.000157163187949892343368 -0.000898814507631527691636 -0.160162791306360546839116
2458511.30000000 0.888891837072551371790041 -0.000428070952370034844142 -0.000805465547303416021067 -0.458116218841847888665342
2458511.40000000 -0.703209418165648969534232 0.000656853314482208172458 0.000632839215386354317534 0.710982195459802235326663
2458511.50000000 -0.448317659280223601570015 0.000820992408820468678142 0.000397923688019094338748 0.893873841213267961158806
2458511.60000000 -0.149302814875307887643174 0.000904332005817455445752 0.000123838131655004663302 0.988791098421587855149539
2458511.70000000 0.164406299838454561523804 0.000898667789373622585836 -0.000162442598404615926163 0.986392282300380340842594
2458511.80000000 0.461934669346628634656327 0.000804555021421098494165 -0.000432742654183615655696 0.886913483199057828265666
2458511.90000000 0.713999778920136107807082 0.000631254119160626391352 -0.000660458269525838765485 0.700145328495856200667902
2458512.00000000 0.895793569994686289525987 0.000395819478646795754745 -0.000823176151829554578719 0.444469397893484219341786
2458512.10000000 0.989424033241716127662357 0.000121421194756105721305 -0.000904879530212637718696 0.145049125793105998516452
2458512.20000000 0.985676130190575872092040 -0.000164935179932555487379 -0.000897524720568919440883 -0.168646771739072942608573
2458512.30000000 0.884918727315784914289054 -0.000435066413292213127317 -0.000801833017290448537943 -0.465744580029106625129742
2458512.40000000 -0.697068291204707368713400 0.000662385365121395826814 0.000627219958077075831135 0.717004159846486688323353
2458512.50000000 -0.440612918877289150287879 0.000824517738409813092347 0.000390868899302385217238 0.897696732259896434946711
2458512.60000000 -0.140792756811271069228297 0.000905504241294546635861 0.000116040079801931901820 0.990038669055895992343608
2458512.70000000 0.172884123511754556057340 0.000897371623600304963927 -0.000170218597813243761527 0.984941747306451675925132
2458512.80000000 0.469545877469706163243046 0.000800917542907407346842 -0.000439733384147774882325 0.882907602253197199004831
2458512.90000000 0.719995280689663341711082 0.000625632348595094836714 -0.000665977586947674379814 0.693978357617943353297107
2458513.00000000 0.899583292642286869167378 0.000388765304644548257990 -0.000826682395866266332522 0.436748285693572657617523
2458513.10000000 0.990634995331304502030889 0.000113627157545385118692 -0.000906028731423140173441 0.136533776866647749148598
2458513.20000000 0.984189149107486005441103 -0.000172703923211777116749 -0.000896204384022988268139 -0.177118281862301885087874
2458513.30000000 0.880880149931974831822856 -0.000442047267435544458374 -0.000798173160240169226980 -0.473338493014548722381818
2458513.40000000 -0.690875590446825449397750 0.000667893211833759108294 0.000621580315474769620754 0.722973088075060221768808
2458513.50000000 -0.432875577684244394749413 0.000828012236140127999909 0.000383803559287277567050 0.901453216387159583788957
2458513.60000000 -0.132272274509234760708765 0.000906642953960816086988 0.000108242982318007113221 0.991213000155809931257522
2458513.70000000 0.181349164844360366544151 0.000896043524086894663423 -0.000177981748473871628736 0.983418347316372676303331
2458513.80000000 0.477122354847327234672605 0.000797253905271267499476 -0.000446700431287800790378 0.878836403063457782813828
2458513.90000000 0.725937523940689000134796 0.000619993790428916978670 -0.000671464801053469955913 0.687760042512687852500619
2458514.00000000 0.903306469369454689832821 0.000381706297342328053877 -0.000830151629431302652724 0.428994857246009053675095
2458514.10000000 0.991772673287717232426530 0.000105841487661961815704 -0.000907140256241207145263 0.128008321657562984530188
2458514.20000000 0.982629358352716697488916 -0.000180451370876025024483 -0.000894850208033788748971 -0.185576697846058125129787
2458514.30000000 0.876776403520532099378215 -0.000448995685884270921522 -0.000794487560075132184974 -0.480897395939746064019715
2458514.40000000 -0.684631775986570656478136 0.000673360640263444276687 0.000615926551509199025035 0.728888536423011323961418
2458514.50000000 -0.425106205371763634648374 0.000831462543751707548745 0.000376738084680510701592 0.905143016816973733362772
2458514.60000000 -0.123742001158991463127812 0.000907738492278111776777 0.000100460558340028058050 0.992314004268502580785594
2458514.70000000 0.189800796150611017498733 0.000894678246805968445561 -0.000185716145323447769447 0.981822195125294339135280
2458514.80000000 0.484663542220631737844627 0.000793563625884593560646 -0.000453626945345335754519 0.874700185961538090317902
2458514.90000000 0.731826067958755821507566 0.000614342710447235364375 -0.000676903385751757651588 0.681490844135372753065383
2458515.00000000 0.906962824587460358927160 0.000374651083003775498773 -0.000833568866892032901868 0.421209686041885800200646
2458515.10000000 0.992836982984651172934321 0.000098076446822420494946 -0.000908201723559787254571 0.119473389373072599872749
2458515.20000000 0.980996873956128556670819 -0.000188162625318659420702 -0.000893453258328336260251 -0.194021389604632360503800
2458515.30000000 0.872607792932583836709171 -0.000455895348520442592836 -0.000790771292538387728273 -0.488420726989701514675346
2458515.40000000 -0.678337309627990769911321 0.000678771217248945717831 0.000610258001654881334502 0.734750067179950838713864
2458515.50000000 -0.417305379255534236726533 0.000834853415837347179185 0.000369676005553995512022 0.908765859175771129052634
