2460857.50000000 0.760260021897168458693272 0.000820454989101153820547 -0.000933193950660342677605 0.649617699194671383011723
2460857.60000000 0.924122142722659689617615 0.000491227419482961500871 -0.001141045976961114691295 0.382095174058734887712063
2460857.70000000 0.997032857482185952413545 0.000113650065359183232621 -0.001236601685777063107385 0.076967129350730065229236
2460857.80000000 0.971816348829992460167659 -0.000275117369612958148281 -0.001210454938855130705214 -0.235735960887704459887360
2460857.90000000 0.850954406344109348658833 -0.000636813232304511093324 -0.001065177206933946591622 -0.525238096666160170222781
2460858.00000000 -0.646342171375202334537846 0.000935839556659135395067 0.000815064717022634301763 0.763046694098876376877172
2460858.10000000 -0.378117426144389479070185 0.001142765637629534905897 0.000484731652991308937985 0.925756809949275893956155
2460858.20000000 -0.072678648311295612760574 0.001237224689588062309653 0.000106687841330966595114 0.997354637013367684161835
2460858.30000000 0.239913105993162928397666 0.001209918499732115645603 -0.000281860694855327344709 0.970793571375561881175997
2460858.40000000 0.528892794347895933704251 0.001063532755988748227174 -0.000642673452342031417163 0.848687732888430246269706
2460858.50000000 0.765819251768005138103490 0.000812472943204206425605 -0.000940239032808721608529 0.643054686211973591802860
2460858.60000000 0.927374354562463976137110 0.000481446772997807484907 -0.001145270222498475255063 0.374132681096656427577329
2460858.70000000 0.997657971051150949115538 0.000103032640691125206315 -0.001237586548069370424169 0.068388818980616897236224
2460858.80000000 0.969752840937267546195244 -0.000285526597207834431126 -0.001208100605479237423315 -0.244085817820739708894351
2460858.90000000 0.846405365877462401158482 -0.000645988994764385023560 -0.001059712644205507278347 -0.532537713519601885181487
2460859.00000000 -0.639755311468197085389420 0.000942877273258221340266 0.000807025342080756142790 0.768577648087809151000727
2460859.10000000 -0.370141020607570814249243 0.001146970569876572341311 0.000474906815281052774747 0.928974748733900290709187
2460859.20000000 -0.064097728968668846172285 0.001238180485803570514761 0.000096043269292428419060 0.997942853486854741795753
2460859.30000000 0.248254011507505756295444 0.001207528369315977786330 -0.000292277858361015207504 0.968694173730260899013444
2460859.40000000 0.536172780396476311715048 0.001058029205476915257655 -0.000651837684896508593596 0.844107342251717684966650
2460859.50000000 0.771321827601853637901286 0.000804395099781356312692 -0.000947247397494527113362 0.636444101186620647681025
2460859.60000000 0.930557960806644435258761 0.000471587511525321540634 -0.001149431322588225466708 0.366142510495343631582443
2460859.70000000 0.998209279579847508223622 0.000092360704202611062759 -0.001238488708642572402180 0.059805449380077507770537
2460859.80000000 0.967617592393529513117301 -0.000295961829657234807428 -0.001205652560399298779681 -0.252417617647180569928622
2460859.90000000 0.841793709807588275140233 -0.000655160727661868919937 -0.001054152710453551931857 -0.539797934096058695807585
2460860.00000000 -0.633121123597143453665126 0.000949882346231163297509 0.000798898163722312868069 0.774051743967911098920354
2460860.10000000 -0.362137232723088731134453 0.001151118395009747153585 0.000465009950692580708957 0.932123963519579712411200
2460860.20000000 -0.055512067841642698251547 0.001239061112721287667704 0.000085348864437064813249 0.998457243835071506232737
2460860.30000000 0.256576551559101029287291 0.001205052970679058258613 -0.000302718613716997846184 0.966523113742474127008109
2460860.40000000 0.543413101244495488906239 0.001052438987099887012996 -0.000660997924040339227339 0.839464506009200417402383
2460860.50000000 0.776767342316838194093975 0.000796237745434381092094 -0.000954225598966831163247 0.629786433140966273036554
2460860.60000000 0.933672725926288582520840 0.000461663466613733560698 -0.001153540047168978783035 0.358125253330701442955331
2460860.70000000 0.998686742265616378411153 0.000081644571352840262959 -0.001239322315757586910612 0.051217655519406948827488
2460860.80000000 0.965410761142776685517219 -0.000306417059450145128074 -0.001203127233862115886415 -0.260730743992337199443909
2460860.90000000 0.837119779280477538385696 -0.000664327193231633856933 -0.001048514845635216971922 -0.547018221289665040885097
2460861.00000000 -0.626440098527622502011525 0.000956858403187916205755 0.000790700280034013422426 0.779468576769580479002286
2460861.10000000 -0.354106654563882239372674 0.001155217326977035557575 0.000455056487579670555441 0.935204221327993856505145
2460861.20000000 -0.046922300068337224887571 0.001239878736766058999613 0.000074617183026504617632 0.998897769988973283084022
2460861.30000000 0.264880110470205598627302 0.001202507480949066174733 -0.000313174260892790546230 0.964280552004736501991999
2460861.40000000 0.550613221273177688708245 0.001046779109580600304955 -0.000670150014896025167724 0.834759567606823238428149
2460861.50000000 0.782155393057731962436208 0.000788018393372427218557 -0.000961174366091374415486 0.623082174581320979989130
2460861.60000000 0.936718419486600617496208 0.000451691282343597553563 -0.001157601968264122599059 0.350081502691585333408852
2460861.70000000 0.999090323773731636691764 0.000070898703264750645003 -0.001240097364693057554672 0.042626072693281447101299
2460861.80000000 0.963132510422774257285994 -0.000316881159437966007566 -0.001200538274355957132564 -0.269024581888967218024078
2460861.90000000 0.832383920040826841280079 -0.000673481494628873421197 -0.001042815288045427458627 -0.554198040970840688501653
2460862.00000000 -0.619712730476852158290058 0.000963803345953002845586 0.000782449242909573046759 0.784827745776520258047526
2460862.10000000 -0.346049880205233251206920 0.001159270257932132688894 0.000445063901083630607692 0.938215294279592826320879
2460862.20000000 -0.038329061081801320265416 0.001240641035821065957939 0.000063864228151770801862 0.999264399349552023821275
2460862.30000000 0.273164073978905852513321 0.001199903774526197295161 -0.000323631557402573538998 0.961966654401501974902544
2460862.40000000 0.557772607834052136510650 0.001041064712941544307540 -0.000679284552567297199473 0.829992875093670812169933
2460862.50000000 0.787485581243492771541526 0.000779754247937719090905 -0.000968088907551418109340 0.616331821440544436185860
2460862.60000000 0.939694816173641256362714 0.000441688850371709928067 -0.001161617316643651174474 0.342011853613530869555603
2460862.70000000 0.999419994241136144808024 0.000060140236618489853807 -0.001240819112285424224290 0.034031336467776486520709
2460862.80000000 0.960783008763464452250957 -0.000327339137880461555734 -0.001197895559952349281430 -0.277298517786095433113047
2460862.90000000 0.827586482432218217830666 -0.000682612007948306159962 -0.001037067753096672503496 -0.561336861987776436500042
2460863.00000000 -0.612939517116398824292389 0.000970709872140611078860 0.000774161503911771783047 0.790128854524925539060121
2460863.10000000 -0.337967505662573275415639 0.001163274810854802087876 0.000435050049503502619247 0.941156959618849042747968
2460863.20000000 -0.029732986574077864549981 0.001241350760456193897882 0.000053107816224194994998 0.999557104790360750889988
2460863.30000000 0.281427829262901219031789 0.001197249511964506869105 -0.000334074176745862046201 0.959581592103582070585333
2460863.40000000 0.564890731312945648667778 0.001035307747482933473163 -0.000688388027748347629091 0.825164781080729214934877
2460863.50000000 0.792757512553364351859386 0.000771460577675654344751 -0.000974959627402091503004 0.609535873096861302578020
2460863.60000000 0.942601695800942107617004 0.000431673515600652381828 -0.001165581184279550555627 0.333916903063137482376987
2460863.70000000 0.999675729278403535360553 0.000049387184152065022997 -0.001241487727972952204158 0.025434082654436706433243
2460863.80000000 0.958362429971461926569987 -0.000337773772265615151306 -0.001195204311668513971756 -0.285551939608802651804353
2460863.90000000 0.822727821339210962925392 -0.000691703688024609833832 -0.001031282076684199040112 -0.568434156254890798898316
2460864.00000000 -0.606120959489235056061318 0.000977566316672450223366 0.000765850705324508645305 0.795371510870294451400753
2460864.10000000 -0.329860128821761744433161 0.001167223622493368919220 0.000425031270695899049405 0.944028999740334051615775
2460864.20000000 -0.021134712443783398860830 0.001242005417860274612413 0.000042365661147289745980 0.999775864660306989861738
2460864.30000000 0.289670765006112440609343 0.001194547244506052787599 -0.000344484447978341370208 0.957125541550188030370805
2460864.40000000 0.571967065138748509411926 0.001029515578214644727986 -0.000697444215405323758236 0.820275642735594168186708
2460864.50000000 0.797970796999006304339730 0.000763148951184404412615 -0.000981773021478839994641 0.602694832283834247554921
2460864.60000000 0.945438843338026968510235 0.000421660114217747373014 -0.001169483835409247662884 0.325797249861892568301158
2460864.70000000 0.999857509973101743483426 0.000038656466625343620424 -0.001242097985402910260630 0.016834947232304470210451
2460864.80000000 0.955870953113616583785017 -0.000348167390808757888990 -0.001192464193864403547429 -0.293784236816581778573010
2460864.90000000 0.817808296194303285808758 -0.000700739490072150423249 -0.001025462811611558763825 -0.575489398742879854076193
2460865.00000000 -0.599257562021175971267439 0.000984357577350707547287 0.000757525908845660509057 0.800555326979061954162376
2460865.10000000 -0.321728349440352945354249 0.001171104686658583143508 0.000415020413419030990802 0.946831202188578524570062
2460865.20000000 -0.012534874767080770099903 0.001242597003947497292728 0.000031653394792190668594 0.999920662785290792484716
2460865.30000000 0.297892271432894595317720 0.001191793564269202996414 -0.000354845162342610554503 0.954598684439267985979427
2460865.40000000 0.579001085834098261351244 0.001023689635409797847251 -0.000706435645093120246837 0.815325821748964174595642
2460865.50000000 0.803125048934296925651211 0.000754825513245683675685 -0.000988512682516672937238 0.595809205077318937426867
2460865.60000000 0.948206048910600118873049 0.000411659029864361672175 -0.001173311162167775100612 0.317653494686778503641733
2460865.70000000 0.999965322890151608881126 0.000027961917656058798900 -0.001242639133593069575984 0.008234566349426269624145
2460865.80000000 0.953308762516933860808876 -0.000358503751095913417244 -0.001189668615233141837906 -0.301994800405069152571258
2460865.90000000 0.812828270940817554368607 -0.000709701978139066569709 -0.001019608017751919048013 -0.582502067534037770712985
2460866.00000000 -0.592349832446046775658033 0.000991066324183659383071 0.000749189972082965269240 0.805679919386435572370431
2460866.10000000 -0.313572769087990199654570 0.001174902068023529321666 0.000405024925971821385569 0.949563359679618801401091
2460866.20000000 -0.003934109723012455331337 0.001243112162468431496423 0.000020982512092999725553 0.999991488469890277279717
2460866.30000000 0.306091740347399277055729 0.001188978688638299419100 -0.000365141618596612877422 0.952001207715617470128677
2460866.40000000 0.585992273050438661208261 0.001017824443245440206932 -0.000715345484295597700171 0.810315684310067507745146
2460866.50000000 0.808219887075023457612133 0.000746489513987110605425 -0.000995160878200249858841 0.588879500869352479064389
2460866.60000000 0.950903107827908100624370 0.000401674313826457039366 -0.001177045831125043831925 0.309486239990891587314792
2460866.70000000 0.999999160073201331933035 0.000017312115746762387215 -0.001243095510023183893067 -0.000366423783313286031971
2460866.80000000 0.950676047744408281303663 -0.000368770350565814097627 -0.001186804737780233244548 -0.310183022984222789286690
2460866.90000000 0.807788114000252299717886 -0.000718575614651134836688 -0.001013708633740630820144 -0.589471643867010786088656
2460867.00000000 -0.585398281794311969861155 0.000997675095493059157364 0.000740838292463285642310 0.810744909003299318861480
2460867.10000000 -0.305393991104650042167634 0.001178597634035399681351 0.000395045027813023324429 0.952225270114080535321932
2460867.20000000 0.004666946416332372164770 0.001243533395966985120179 0.000010358072874870170125 0.999988336496083207727281
2460867.30000000 0.314268565174880276646974 0.001186087021004804398228 -0.000375364244514015202043 0.949333303556659124922135
2460867.40000000 0.592940109618284805215183 0.001011907441751863428667 -0.000724160299483465538795 0.805245601068712457681897
2460867.50000000 0.813254934532348872089358 0.000738132355798389299534 -0.001001701242105007940222 0.581906232320558713944081
2460867.60000000 0.953529820588088328214837 0.000391701981364224471622 -0.001180669683855947857051 0.301296089980475467751120
2460867.70000000 0.999959019042051866499321 0.000006708018726003396960 -0.001243448438302347403700 -0.008967386859871541091027
2460867.80000000 0.947973003581090933877817 -0.000378961303484538639466 -0.001183854686330797992971 -0.318348298813534380524715
2460867.90000000 0.802688198260327334665476 -0.000727349944770788910120 -0.001007748859280721597312 -0.596397612149265787806485
2460868.00000000 -0.578403424346241035181038 0.001004169547268901922440 0.000732458285379810128402 0.815749921147652989894539
2460868.10000000 -0.297192620550707053972417 0.001182174108008169060441 0.000385072279735812342868 0.954816736590609171919652
2460868.20000000 0.013267657363049543961520 0.001243841665515156959601 -0.000000223562494173164311 0.999911207120717904217599
2460868.30000000 0.322422141009311047366026 0.001183099067791775838368 -0.000385511548108989404639 0.946595169353841248138792
2460868.40000000 0.599844081551118124551181 0.001005920041357490773981 -0.000732873483254480907745 0.800115947128216098427345
2460868.50000000 0.818229818832665212191557 0.000729737672608029219398 -0.001008122419777804281565 0.574889915326979861198708
2460868.60000000 0.956085992891799962833943 0.000381729081295535655448 -0.001184167320801895323390 0.293083650561383024513162
2460868.70000000 0.999844902789524092590057 -0.000003858928751226360471 -0.001243679469012502585012 -0.017567686584967420748704
2460868.80000000 0.945199830016792641451673 -0.000389080069665280199164 -0.001180798190131771919012 -0.326490023841727594611228
2460868.90000000 0.797528901027381054156251 -0.000736022968848631443418 -0.001001707987306383901976 -0.603279460015680002449301
2460869.00000000 -0.571365777590728041168688 0.001010542226719170688307 0.000724030259490832106550 0.820694585568967571731491
2460869.10000000 -0.288969264173318030053395 0.001185618971870950298653 0.000375089427978404289007 0.957337567412001044786507
2460869.20000000 0.021867386819614663406863 0.001244020143434517930436 -0.000010775917698981856942 0.999760106070999854388504
2460869.30000000 0.330551864651986382348525 0.001179994775831749937237 -0.000395592254687627707319 0.943787007694958046677414
2460869.40000000 0.606703678093619913624934 0.000999840312073787488428 -0.000741488202119130242890 0.794927102004782115685089
2460869.50000000 0.823144171949834246859723 0.000721283185109549947536 -0.001014421632798876392323 0.567831068966667462660780
2460869.60000000 0.958571435646756286885761 0.000371734588548610592629 -0.001187530049555900191205 0.284849529308925042414558
2460869.70000000 0.999656819775549876361254 -0.000014406931760253934640 -0.001243774458599133285810 -0.026166686710836540435965
2460869.80000000 0.942356732234910010603812 -0.000399140622921662687611 -0.001177616532727182281984 -0.334607595725525730490091
2460869.90000000 0.792310604009710983675063 -0.000744603284125695125129 -0.000995563973585696961044 -0.610116678342379481492230
2460870.00000000 -0.564285862198449783555532 0.001016795571642947629623 0.000715530375866630817192 0.825578536461244683053451
2460870.10000000 -0.280724530356258161756244 0.001188928157014580277301 0.000365072554862430555429 0.959787576095746941540199
2460870.20000000 0.030465498572625329676278 0.001244058386433404732666 -0.000021321214633278836605 0.999535044538464978458592
2460870.30000000 0.338657134656651259696503 0.001176757944547417123957 -0.000405625191704629065991 0.940909026343513810175523
2460870.40000000 0.613518391772600812927863 0.000993647367717645241952 -0.000750018400526841267674 0.789679449582875503388379
2460870.50000000 0.827997630317579447201126 0.000712744778462165787247 -0.001020606786648683549784 0.560730215473212223464827
2460870.60000000 0.960985964981255214034661 0.000361692899211745258481 -0.001190759013524247912283 0.276594335408172797841075
2460870.70000000 0.999394783921908058665906 -0.000024961189945455083093 -0.001243727566566194377498 -0.034763751063642843452950
2460870.80000000 0.939443920577905267066399 -0.000409165856733588819989 -0.001174297198878504304431 -0.342700413916021351390384
2460870.90000000 0.787033693266519396303238 -0.000753109717158463435639 -0.000989298455505266318560 -0.616908761306745101471449
2460871.00000000 -0.557164201954915228043319 0.001022942863619574066503 0.000706935714736868113170 0.830401412504357949728728
2460871.10000000 -0.272459029050713286146390 0.001192108325882646488805 0.000354995842299585858542 0.962166581390176633981071
2460871.20000000 0.039061356512066235102676 0.001243955857615506969960 -0.000031886267899558412065 0.999236039174018153552481
2460871.30000000 0.346737351373040125768199 0.001173380802400226033400 -0.000415636172577446138133 0.937961438219333087928931
2460871.40000000 0.620287718419501254984993 0.000987326718763894498748 -0.000758486953029782100602 0.784373378092894202318064
2460871.50000000 0.832789834859776645359375 0.000704102276230547077969 -0.001026696091171396289440 0.553587880186016123573722
2460871.60000000 0.963329402261305922650081 0.000351579616333914219371 -0.001193866378802546212440 0.268318679583335328864280
2460871.70000000 0.999058814607853173939134 -0.000035548532716108149920 -0.001243543989775107959372 -0.043358243606625719579473
2460871.80000000 0.936461610531805765944569 -0.000419183062127368626440 -0.001170838014377542125877 -0.350767879692092332533093
2460871.90000000 0.781698559190634578719425 -0.000761568018755182422029 -0.000982902037591172053274 -0.623655206405315021278568
2460872.00000000 -0.550001323734292113520894 0.001029006433032404917161 0.000698230345138022966828 0.835162856878929549253598
2460872.10000000 -0.264173371767365827711416 0.001195176770513491819672 0.000344837988505179205995 0.964474407274727663086367
2460872.20000000 0.047654324696776197145542 0.001243723573015013007109 -0.000042496199575793860092 0.998863112084480753161131
2460872.30000000 0.354791917006539170298396 0.001169867318473759949457 -0.000425652323663781157175 0.934944461375639801481441
2460872.40000000 0.627011157213839598334459 0.000980875032388178486747 -0.000766921046449379442862 0.779009280076348065158243
2460872.50000000 0.837520431030025047647314 0.000695345314238389748847 -0.001032714865638589569335 0.546404591490305291401341
2460872.60000000 0.965601574096424442039677 0.000341378111168658517419 -0.001196873823249965367727 0.260023174075258767246055
2460872.70000000 0.998648936667885678275525 -0.000046190654850975837095 -0.001243240268096172922857 -0.051949528504242316329087
2460872.80000000 0.933410022713068276978277 -0.000429217462780626503663 -0.001167249261204233784159 -0.358809396197930285943301
2460872.90000000 0.776305596463014002672764 -0.000770005179709152762224 -0.000976378070399353632444 -0.630355514513449843860826
2460873.00000000 -0.542797757430314775639602 0.001035013176923154721090 0.000689410495558855128742 0.839862517314007739344106
2460873.10000000 -0.255868171473305650032160 0.001198158462270943261374 0.000334588394679383443076 0.966710882991104858419362
2460873.20000000 0.056243767421773158132758 0.001243382897079360572754 -0.000053167685524320185695 0.998416290831648289838540
2460873.30000000 0.362820235670332613686639 0.001166233827490475039729 -0.000435695250867438308752 0.931858318982039968148001
2460873.40000000 0.633688210737849866305282 0.000974302536867439309028 -0.000775345755190151282935 0.773587552346087004018216
2460873.50000000 0.842189068832669751607511 0.000686477346839550034950 -0.001038689976347304411847 0.539180880790720351569689
2460873.60000000 0.967802312358496008570796 0.000331084841961988888236 -0.001199808223290500580269 0.251708432588646058292170
2460873.70000000 0.998165180392776019147050 -0.000056897863068841479574 -0.001242841514591105792423 -0.060536970181138162472312
2460873.80000000 0.930289382843355938668140 -0.000439285464951256457346 -0.001163552634216674392525 -0.366824368522696842020991
2460873.90000000 0.770855204022386941709044 -0.000778442650528768397868 -0.000969743395814037160811 -0.637009189930417552005792
2460874.00000000 -0.535554035945888018410699 0.001040988211280619154739 0.000680487027449971134535 0.844500046099782020192492
2460874.10000000 -0.247544042570620376197965 0.001201080564867119428174 0.000324251190469072761002 0.968875843054241792096093
2460874.20000000 0.064829049242770483973963 0.001242961282381065037800 -0.000063903655994807900516 0.997895608436826231368855
2460874.30000000 0.370821713425755483672930 0.001162506277256812343285 -0.000445774826113423563827 0.928703239315737949510776
2460874.40000000 0.640318385012926705179837 0.000967631956148811323178 -0.000783777330509424232340 0.768108595965012908024505
2460874.50000000 0.846795402859991885868851 0.000677516336288271829418 -0.001044643075252826370028 0.531917282467077146002055
2460874.60000000 0.969931454211595101000398 0.000320711751142373289580 -0.001202695289287292190750 0.243375070207747151718181
2460874.70000000 0.997607581534543763623901 -0.000067665128431436272617 -0.001242375867492018096452 -0.069119933362848010038881
2460874.80000000 0.927099921752687849973995 -0.000449389416799064950799 -0.001159776875882579955795 -0.374812203713416058903363
2460874.90000000 0.765347785046826545318766 -0.000786890148134233337329 -0.000963025454140719878830 -0.643615740414414161385537
2460875.00000000 -0.528270695128517875360785 0.001046948126979878671006 0.000671484209886725807656 0.849075100139279337341236
2460875.10000000 -0.239201600830290794785782 0.001203965577624095456208 0.000313845765005450196786 0.970969127278299426464514
2460875.20000000 0.073409535051353308476862 0.001242485747257675212513 -0.000074691031566781679926 0.997301103385338283402461
2460875.30000000 0.378795758352269085200703 0.001158714468793526491952 -0.000455885324515917234045 0.925479455743494772157476
2460875.40000000 0.646901189546070565228320 0.000960893894929048066923 -0.000792217976179380393292 0.762572816219463711640003
2460875.50000000 0.851339092332171976096333 0.000668491595479327204744 -0.001050584340339277399784 0.524614333828276158122605
2460875.60000000 0.971988842121830898257429 0.000310284788840167096227 -0.001205552666158317669937 0.235023703392689076174804
2460875.70000000 0.996976181314015219570024 -0.000078471763480801313734 -0.001241867392218930091566 -0.077697783106971146649400
2460875.80000000 0.923841875348338836815287 -0.000459515480597829620475 -0.001155950939590976627239 -0.382772310878682298085351
2460875.90000000 0.759783746923481606572182 -0.000795341832355358439172 -0.000956256159345720700878 -0.650174677233619768834672
2460876.00000000 -0.520948273742380285611375 0.001052895690193188281761 0.000662434719951358994168 0.853587340976461494967964
2460876.10000000 -0.230841463383924944130499 0.001206824878235305230356 0.000303403241954380733895 0.972990580788215098095861
2460876.20000000 0.081984590108516067208377 0.001241975660722062545574 -0.000085502510858669733941 0.996632819633273214776636
2460876.30000000 0.386741780563506332146773 0.001154884541744494869109 -0.000466005317690984922994 0.922187206724806030067043
2460876.40000000 0.653436137369037384203807 0.000954119514432572946375 -0.000800653808843765531222 0.756980622598133701117717
2460876.50000000 0.855819801119367729036469 0.000659437145629843384648 -0.001056508589169111991465 0.517272575093426389969409
2460876.60000000 0.973974323881667380931049 0.000299838414216437704717 -0.001208384410114194404753 0.226654949919312537209848
2460876.70000000 0.996271026422882011175375 -0.000089285376133448033395 -0.001241329246255916483183 -0.086269884894855874968300
2460876.80000000 0.920515484631705405149660 -0.000469635729965896091005 -0.001152096266192141485810 -0.390704101167779260794788
2460876.90000000 0.754163501244934808553921 -0.000803776348954635230966 -0.000949463785398751460021 -0.656685515183236589997762
2460877.00000000 -0.513587313447563809098995 0.001058817765867930364015 0.000653371681605994982650 0.858036434818258308965255
2460877.10000000 -0.222464248660277225111415 0.001209654604436478193483 0.000292959223139965406393 0.974940054043470616385036
2460877.20000000 0.090553580102367733917212 0.001241436804414997345167 -0.000096302598173058653018 0.995890806610225109984924
2460877.30000000 0.394659192267248548624536 0.001151031574273692894769 -0.000476102015312726350397 0.918826735795023941122395
2460877.40000000 0.659922745074357663952469 0.000947332144259111223923 -0.000809057158396229146070 0.751332428769870830365107
2460877.50000000 0.860237197772711570387116 0.000650382901394393935293 -0.001062395315723813028416 0.509892549353252455546226
2460877.60000000 0.975887752622462301133055 0.000289406965281401333187 -0.001211178694377476345451 0.218269428850891927806899
2460877.70000000 0.995492169030474438606859 -0.000100069696799718341543 -0.001240759152533792370257 -0.094835604608358076150765
2460877.80000000 0.917120995673580741147646 -0.000479714594870807352692 -0.001148220289336480699066 -0.398606987844370819207285
2460877.90000000 0.748487463754749726696502 -0.000812161397348783804968 -0.000942664919612809363604 -0.663147772655595546531515
2460878.00000000 -0.506188358764101509201794 0.001064687637703558937760 0.000644319608378831005027 0.862422052561108487545027
2460878.10000000 -0.214070576337863721638755 0.001212435512569372351305 0.000282544349522910638595 0.976817402852155236558929
2460878.20000000 0.099115871144978828777283 0.001240858733315022485733 -0.000107056753377015651712 0.995075119222301407440057
2460878.30000000 0.402547407784840383104807 0.001147154593587067792151 -0.000486139464018370997308 0.915398291559500143499406
2460878.40000000 0.666360532835254981698370 0.000940540266553619472116 -0.000817393213952300888743 0.745628652568577465764577
2460878.50000000 0.864590955534551341976623 0.000641346106327653599569 -0.001068213288722897951963 0.502474802555241906176775
2460878.60000000 0.977728986821493672998429 0.000279015141911528668454 -0.001213910011520900021631 0.209867760510487999514595
2460878.70000000 0.994639666776552466842531 -0.000110794377975568050267 -0.001240139031398918099264 -0.103394308615451360755522
2460878.80000000 0.913658659602524569898208 -0.000489718251215839461138 -0.001144313510264195797930 -0.406480386310984820319447
2460878.90000000 0.742756054363900686254851 -0.000820462047830696427318 -0.000935859179514938219029 -0.669560971618542000172170
2460879.00000000 -0.498751957051476457749573 0.001070471670568607074764 0.000635287131157261488260 0.866743869800948862902601
2460879.10000000 -0.205661067358987342812426 0.001215137525106379850701 0.000272175549113172130216 0.978622488364980225306056
2460879.20000000 0.107670829836846670968242 0.001240216903059751258481 -0.000117741014580857947529 0.994185817843415531314122
2460879.30000000 0.410405843602006603632049 0.001143236151762188484993 -0.000496088377391663165085 0.911902127667400419497312
2460879.40000000 0.672749024429620035014921 0.000933734588621282224352 -0.000825629393397741932759 0.739869715966388064032344
2460879.50000000 0.868880752367074293829319 0.000632326121800992580965 -0.001073928836217266907099 0.495019883445199093685574
2460879.60000000 0.979497890309186547419529 0.000268670881439744368806 -0.001216545834199434872672 0.201450566421844640130345
2460879.70000000 0.993713582764378378087144 -0.000121443541252445582138 -0.001239439618650163598204 -0.111945363772377529110180
2460879.80000000 0.910128732590147038195028 -0.000499624016978621795365 -0.001140351798465922021283 -0.414323714125865327773113
2460879.90000000 0.736969697092128228632646 -0.000828650371480891731989 -0.000929029078425519386567 -0.675924637671117989334846
2460880.00000000 -0.491278658447483751459117 0.001076138558403903116092 0.000626264469732563250348 0.871001566859785136820449
2460880.10000000 -0.197236343844439387940071 0.001217728019615144314028 0.000261851305346811268852 0.980355177085775131295975
2460880.20000000 0.116217823311698262300773 0.001239479496010848207782 -0.000128348609683744379478 0.993222968301454955941665
2460880.30000000 0.418233918381472002945287 0.001139247285739169003940 -0.000505934196549244637707 0.908338502795665414524251
2460880.40000000 0.679087747271109321012261 0.000926890854599300706429 -0.000833744343811013057660 0.734056045032884130208117
2460880.50000000 0.873106270946358842266477 0.000623304941515676058650 -0.001079515230204067255393 0.487528343557076027092734
2460880.60000000 0.981194332259951562669187 0.000258363564887112461595 -0.001219055815017624491356 0.193018469302229961348516
2460880.70000000 0.992713985544178889597333 -0.000132019755559179550238 -0.001238628930352132003628 -0.120488137481650131599409
2460880.80000000 0.906531475811024889388534 -0.000509426265578086321512 -0.001136303619735804090393 -0.422136391066237293134833
2460880.90000000 0.731128820044021909829723 -0.000836712929329525749791 -0.000922145590424048276768 -0.682238300053120583221755
2460881.00000000 -0.483769015849901895531815 0.001081667940539100727232 0.000617227006145205361540 0.875194828782971057101747
2460881.10000000 -0.188797029070263355787773 0.001220181058835492120609 0.000251553025758763024178 0.982015340864459851388801
2460881.20000000 0.124756219261781042817461 0.001238616714963965310947 -0.000138890877909371223764 0.992186641863873952651431
2460881.30000000 0.426031053000576365175078 0.001135156318028907908302 -0.000515680254148056897712 0.904707680619992182791123
2460881.40000000 0.685376232447094668742693 0.000919977621264557151107 -0.000841733167844267889113 0.728188069884712629864509
2460881.50000000 0.877267198692903593659764 0.000614253466111117844665 -0.001084959670995857758391 0.480000737137191268999459
2460881.60000000 0.982818187201967452537588 0.000248068398578773607454 -0.001221420115402884268296 0.184572092960042677400878
2460881.70000000 0.991640949096850743416098 -0.000142541830498428643420 -0.001237681435712436207180 -0.129021997738504728969744
2460881.80000000 0.902867155425495893084076 -0.000519136546719651766936 -0.001132139493744707551062 -0.429917839140062651992480
2460881.90000000 0.725233855358489054587778 -0.000844653231046599609587 -0.000915177307417358479151 -0.688501491685107880336147
2460882.00000000 -0.476223584848163350446981 0.001087055061822999810217 0.000608143566399912223128 0.879323345366544439904999
2460882.10000000 -0.180343747396301934404761 0.001222483974239073649046 0.000241251920802112372307 0.983602856901678479495388
2460882.20000000 0.133285385996939981234632 0.001237608885045686979084 -0.000149392238703611058420 0.991076915221770549102587
2460882.30000000 0.433796670627165259492841 0.001130937968444637462331 -0.000525344921942242889037 0.901009929770135387094854
2460882.40000000 0.691614014727316095410004 0.000912965799432474602731 -0.000849606942279810314206 0.722266224666218259464756
2460882.50000000 0.881363227783914959800882 0.000605140859911757031560 -0.001090265215161567583305 0.472437621105869398618893
2460882.60000000 0.984369335009756651899693 0.000237754979239608848357 -0.001223633621765309823642 0.176112062293930976553114
2460882.70000000 0.990494552821127305364257 -0.000153037601082620409532 -0.001236584286855406172520 -0.137546313182564827748422
2460882.80000000 0.899136042534400159453867 -0.000528778190787061643657 -0.001127839826399085936329 -0.437667482669320151433823
2460882.90000000 0.719285239164188183735860 -0.000852488506937277516068 -0.000908099354087536303828 -0.694713749208085817876679
2460883.00000000 -0.468642923681222733911511 0.001092309913274393902080 0.000598985824630296676864 0.883386811175097097503794
2460883.10000000 -0.171877124217146931561828 0.001224638914624323875885 0.000230918272006080678004 0.985117607753900004219361
2460883.20000000 0.141804692499319928700174 0.001236450284844080229479 -0.000159881672442327226564 0.989893870479741755374903
2460883.30000000 0.441530196737218771918521 0.001126579186927662750220 -0.000534954397336632374652 0.897245523818252732617395
2460883.40000000 0.697800632615649396583990 0.000905836072898023696165 -0.000857387272348899220041 0.716290947498708918672605
2460883.50000000 0.885394055184885786502491 0.000595943036544217450388 -0.001095447431978266352587 0.464839554996820558674386
2460883.60000000 0.985847660922296142871346 0.000227396261136740259010 -0.001225704888636373890431 0.167639003194803293261828
2460883.70000000 0.989274881523010130024431 -0.000163535086929737604041 -0.001235338572201003480566 -0.146060453176648175066532
2460883.80000000 0.895338413170964075860070 -0.000538378181117876394336 -0.001123398337202451136019 -0.445384748307772082576150
2460883.90000000 0.713283411552324220217258 -0.000860242817419560527707 -0.000900898706091028114371 -0.700874613013920511050969
2460884.00000000 -0.461027593171913940839346 0.001097452003954471578748 0.000589735105932226943114 0.887384925579241423676535
2460884.10000000 -0.163397785910509990570105 0.001226659578922901106673 0.000220529222659350147622 0.986559481345309685629275
2460884.20000000 0.150313508507252030499401 0.001235147994581787178267 -0.000170384491224523718089 0.988637595147201730938491
2460884.30000000 0.449231059186550540918148 0.001122080121139250232648 -0.000544534596354632289758 0.893414741248414245866627
2460884.40000000 0.703935628418494552249740 0.000898581844324474127497 -0.000865098838809270323687 0.710262680419744496518319
2460884.50000000 0.889359382676253695798607 0.000586647312678392437481 -0.001100528071098629294064 0.457207100916171338411687
2460884.60000000 0.987253055553416913880937 0.000216974542402542734231 -0.001227651297969723073397 0.159153542512959988997068
2460884.70000000 0.987982025419574361180253 -0.000174055622182925378736 -0.001233956221249865896003 -0.154563787816438175104494
2460884.80000000 0.891474548273963551814347 -0.000547959887774539093110 -0.001118820834193474467524 -0.453069065109502955301934
2460884.90000000 0.707228816519836600562599 -0.000867939880965135665374 -0.000893574828768161038943 -0.706983627312292806088578
2460885.00000000 -0.453378156700595058570258 0.001102503742457350494402 0.000580384759053380349693 0.891317392776200589921132
2460885.10000000 -0.154906359784506564292172 0.001228565550272141477031 0.000210072646946198412403 0.987928370983508830072140
2460885.20000000 0.158811204527219168580743 0.001233717498000014116399 -0.000180917295894697987895 0.987308182142903834055403
2460885.30000000 0.456898688247915074622796 0.001117451201788582579311 -0.000554105318119852341061 0.889517865445660582679466
2460885.40000000 0.710018548246050262839901 0.000891207912157773230778 -0.000872763180828772236128 0.704181869390835268873730
2460885.50000000 0.893258916876417785601916 0.000577252676860516415226 -0.001105528876178149067303 0.449540823513933651689456
2460885.60000000 0.988585414911783089131347 0.000206483225351297093033 -0.001229493290551108251873 0.150656307980346820807327
2460885.70000000 0.986616080130861994312852 -0.000184610792138262979527 -0.001232454992833938991689 -0.163055688034494966620613
2460885.80000000 0.887544733661839946314842 -0.000557538960260318093576 -0.001114121232124510620098 -0.460719864595484529523617
2460885.90000000 -0.701121901971908267903189 0.000875598232616689041603 0.000886136919711196782354 0.713040340137713890555915
2460886.00000000 -0.445695180156643777635850 0.001107485199856480606942 0.000570938731906187567355 0.895183921822885086960753
2460886.10000000 -0.146403474015774831551440 0.001230377008746089302627 0.000199547079706022305540 0.989224175376409609050654
2460886.20000000 0.167297151897223106420398 0.001232177676306438684692 -0.000191486754785003015404 0.985905729792518115139899
2460886.30000000 0.464532516673953954633447 0.001112708716370476623794 -0.000563677871051398602861 0.885555184671565798204540
2460886.40000000 0.716048942077472605483024 0.000883726873714424420239 -0.000880395373184322273773 0.698048964242377389943783
2460886.50000000 0.897092369286242918846597 0.000567767209736379577234 -0.001110467566545519880680 0.441841289910917589534023
2460886.60000000 0.989844640404835440783415 0.000195925370928228296478 -0.001231249938696271119254 0.142147928223754438370463
2460886.70000000 0.985177146684199311899022 -0.000195202703392419809085 -0.001230853940246163982092 -0.171535525607103028766787
2460886.80000000 0.883549260034341421565784 -0.000567122457063260268506 -0.001109317207299105904547 -0.468336580761930076910460
2460886.90000000 -0.694963119670910955960608 0.000883229319976789337479 0.000878600028027025250869 0.719044303408742591088298
2460887.00000000 -0.437979231895954501663226 0.001112411342862845101825 0.000561408390613090486562 0.898984226663084307062945
2460887.10000000 -0.137889757626174253024587 0.001232111324084417865871 0.000188959416509263864424 0.990446798640626235865625
2460887.20000000 0.175770722851506827622003 0.001230547018728992770056 -0.000202090906579474453072 0.984430341822721821642972
2460887.30000000 0.472131979722207606453566 0.001107870913516149176045 -0.000573255334358755796846 0.881526992056116065477056
2460887.40000000 0.722026363778191071496337 0.000876155397540926274107 -0.000888003275929537521510 0.691864418661980451474847
2460887.50000000 0.900859456299781924393244 0.000558204777489542769246 -0.001115356174830354043029 0.434109069685101045532605
2460887.60000000 0.991030638858587664685729 0.000185311027207327877215 -0.001232936533303037379347 0.133629032663245800316432
2460887.70000000 0.983665331506945350703575 -0.000205825859909944576401 -0.001229170457576679370212 -0.180002673220912734475263
2460887.80000000 0.879488422952164006218823 -0.000576709830594764310402 -0.001104426944731524279364 -0.475918650127899967028355
2460887.90000000 -0.688752925203328425496352 0.000890837571318314389544 0.000870981756325294657721 0.724995072964223941092143
2460888.00000000 -0.430230882718667217989861 0.001117291229273542282896 0.000551809422998008583701 0.902718026141807516893323
2460888.10000000 -0.129365840431701850654633 0.001233781486811302407353 0.000178322239062264306132 0.991596150311944701805089
2460888.20000000 0.184231290538356184960378 0.001228841450974013822794 -0.000212721234909860577866 0.982882127360436563812129
2460888.30000000 0.479696515201750717238838 0.001102955429023235855296 -0.000582833909468626868051 0.877433585576026464636357
2460888.40000000 0.727950371156039333087051 0.000868511468370774977581 -0.000895588101548058269918 0.685628690139869045871990
2460888.50000000 0.904559899226242691838706 0.000548582319809352760703 -0.001120200832891020924220 0.426344734831941407637856
