2459488.50000000 0.996440184547867646713826 -0.000078586888282787775543 -0.001038276626155243626340 -0.084296348815420904521112
2459488.60000000 0.921287788217329928208699 -0.000396528678408659160208 -0.000962349546443636147050 -0.388880094540167309258294
2459488.70000000 0.755462940860642806484293 -0.000675454836321350308645 -0.000791710168615611105218 -0.655190553916457862904110
2459488.80000000 -0.515286000469254101830074 0.000887913573095826377454 0.000543149648220688538273 0.857017651112200962160159
2459488.90000000 -0.224394998611159302015494 0.001012993905531784765567 0.000241128247443168100507 0.974497716928289348103931
2459489.00000000 0.088580790192895123014161 0.001038383784494019803149 -0.000084631775264148000472 0.996068450562024199079758
2459489.10000000 0.392838524247351716933707 0.000961581999163955329982 -0.000402071206585390659993 0.919606876641076764755667
2459489.20000000 0.658433386277682886067453 0.000790144552484172021066 -0.000679948971610637746196 0.752638285749053559392507
2459489.30000000 0.859225729017073058813025 0.000540941248847880856200 -0.000890916774863580152553 0.511595602252868597581426
2459489.40000000 0.975453723007085660157145 0.000238495629814694401569 -0.001014210695924217756764 0.220202063495668926007554
2459489.50000000 0.995678295413141900560561 -0.000087428364229123848314 -0.001037694820719647871218 -0.092863596681213411709876
2459489.60000000 0.917908959039455130124452 -0.000404755531858329157310 -0.000959055788502610317287 -0.396789691523918741644650
2459489.70000000 0.749799713466424821994849 -0.000682256065948355834051 -0.000786030659699243319967 -0.661664043429528558881714
2459489.80000000 -0.507895745441404145026354 0.000892619069921700794036 0.000535645668408304899584 0.861417917202194516335112
2459489.90000000 -0.216005059275966054821438 0.001015140453511818689758 0.000232540751523594514715 0.976391688709752125774344
2459490.00000000 0.097144682316598063298585 0.001037760654734667942201 -0.000093455250690030710866 0.995269724756157270206813
2459490.10000000 0.400733517348595136287059 0.000958251651017076860190 -0.000410260119893041314866 0.916194063238470080001719
2459490.20000000 0.664882461075301356423495 0.000784436407734603901622 -0.000686695600463249188755 0.746947271273216029108255
2459490.30000000 0.863594172428929884866022 0.000533419157746731838372 -0.000895555832152657681211 0.504186492074193304269158
2459490.40000000 0.977311596111195335367938 0.000229902238790384366111 -0.001016284894285527902816 0.211804056656616029874485
2459490.50000000 0.994842747739425492525811 -0.000096244858576842836273 -0.001036999927953924892365 -0.101423974670668617936720
2459490.60000000 0.914462224559504543996979 -0.000412925023807566020546 -0.000955660736973043675388 -0.404669934710682854817065
2459490.70000000 0.744081017195035610001241 -0.000688972334781460301473 -0.000780270730533664277732 -0.668088584204283297829363
2459490.80000000 -0.500467917166623199598519 0.000897219273798350951642 0.000528089423494947475882 0.865754457109852215701551
2459490.90000000 -0.207599140254110164915957 0.001017170490519484589084 0.000223933972107675822050 0.978213428748124225187155
2459491.00000000 0.105701387853182685039322 0.001037019951009434531874 -0.000102263095105137422243 0.994397370640852540368826
2459491.10000000 0.408598864888086887869889 0.000954812961925316397264 -0.000418399628022211238047 0.912713471405845910844334
2459491.20000000 0.671282349027663260976340 0.000778638679258861839301 -0.000693363168978460898441 0.741200998955475420792993
2459491.30000000 0.867898728656041007489819 0.000525834148570794536123 -0.000900092911871701317761 0.496740083069572624374644
2459491.40000000 0.979097169417547763536902 0.000221278188203062934312 -0.001018242962464966381089 0.203390380931392888985698
2459491.50000000 0.993933603345887761726374 -0.000105056970462533784448 -0.001036184772553114035940 -0.109976849489601985476739
2459491.60000000 0.910947839773205925162358 -0.000421055361503987484080 -0.000952151685055562337946 -0.412520241117527663998743
2459491.70000000 0.738307275121914630133801 -0.000695617975828342546829 -0.000774412920234812326981 -0.674463700951858813326112
2459491.80000000 -0.493003065165029397132201 0.000901723409988946546234 0.000520459873517606797649 0.870026950015825639717093
2459491.90000000 -0.199177863438298630160972 0.001019087256465001697231 0.000215284783632602757901 0.979962802268238841740811
2459492.00000000 0.114250273769544330448866 0.001036158487985836115439 -0.000111078815904422172588 0.993451452754646302523156
2459492.10000000 0.416433984978459958981034 0.000951256367803086206290 -0.000426511835081805649669 0.909165358641384702131916
2459492.20000000 0.677632576673695474767101 0.000772735967362274899471 -0.000699970651194353277527 0.735399893901365397930192
2459492.30000000 0.872139079241125325658857 0.000518165995730655816118 -0.000904542328082159896585 0.489256926131009461933274
2459492.40000000 0.980810310825152020797191 0.000212599833832666191636 -0.001020093347392129730714 0.194961658768030066113397
2459492.50000000 0.992950929488189304450430 -0.000113890060617507889108 -0.001035251151938554889723 -0.118521588380750803048969
2459492.60000000 0.907366064677232131430173 -0.000429171753695830574156 -0.000948523492420920715136 -0.420340029959700267614409
2459492.70000000 0.732478914398482561232129 -0.000702216154591737821457 -0.000768445386987275645164 -0.680788922019985531797204
2459492.80000000 -0.485501741699028932508497 0.000906150833704206354856 0.000512739224506509640167 0.874235079824591587716043
2459492.90000000 -0.190741851829403424867238 0.001020904791560713672366 0.000206570649891776267912 0.981639679843018364557850
2459493.00000000 0.122790707603556731308814 0.001035183866426938725097 -0.000119928110154599669424 0.992432041067536685474693
2459493.10000000 0.424238297962093446891174 0.000947582373957898591553 -0.000434623764810421404133 0.905549987428430624980535
2459493.20000000 0.683932674202017976128332 0.000766721545809344057903 -0.000706544448482595492493 0.729544385278400042693647
2459493.30000000 0.876314910468059093950899 0.000510401136342874552597 -0.000908927942262018973354 0.481737574859572137420116
2459493.40000000 0.982450893576933714790300 0.000203847672447794687556 -0.001021855627469815588210 0.186518513737185281931019
2459493.50000000 0.991894798850019521196941 -0.000122768242297620295894 -0.001034212920957605814920 -0.127057559182914892037530
2459493.60000000 0.903717164234143832679536 -0.000437301258329830474549 -0.000944783256672137574869 -0.428128722722945165291009
2459493.70000000 0.726596366191563536318654 -0.000708794995754619605241 -0.000762367916833918261334 -0.687063779456734469164303
2459493.80000000 -0.477964501707885791592645 0.000910528781902025297935 0.000504919912332319983407 0.878378535199888954565495
2459493.90000000 -0.182291729530832752326219 0.001022647553226203789162 0.000197777132137963006925 0.983243937393201927754660
2459494.00000000 0.131322057517067242171649 0.001034116067089534520343 -0.000128831339672103961473 0.991339210974516604757412
2459494.10000000 0.432011226464293962568064 0.000943805097678286609129 -0.000442760345376287352877 0.901867625210931112000878
2459494.20000000 0.690182175509529316492774 0.000760602683603720918643 -0.000713112390824213499170 0.723634906263197819065169
2459494.30000000 0.880425913382481439839466 0.000502539470423253717066 -0.000913278630136955100159 0.474182585530511402360787
2459494.40000000 0.984018796276066254336001 0.000195014207977581798242 -0.001023557803017163207043 0.178061570457879597695339
2459494.50000000 0.990765289533711346336986 -0.000131705945068217206454 -0.001033095346148396121225 -0.135584130422323478892821
2459494.60000000 0.900001408363304555848572 -0.000445464321896050141538 -0.000940951835812257170698 -0.435885743188304974893299
2459494.70000000 0.720660065671133942544202 -0.000715379656446305661754 -0.000756195574388198116580 -0.693287809027686607876717
2459494.80000000 -0.470391902772760661655127 0.000914885513672398717477 0.000497010198893515467607 0.882457009587852780896355
2459494.90000000 -0.173828121674412250374786 0.001024345095856931623507 0.000188905116269125981357 0.984775456206525290347997
2459495.00000000 0.139843692382083911729396 0.001032984049639115329763 -0.000137795099316149045844 0.990173043289432230906755
2459495.10000000 0.439752195444716054151257 0.000939951048107367224428 -0.000450935284822502949458 0.898118544375138827540184
2459495.20000000 0.696380618255310390729562 0.000754401731668353429765 -0.000719694484171272625198 0.717671893998612309140128
2459495.30000000 0.884471783833854496847948 0.000494597734887957502480 -0.000917619483062271116755 0.466592517030525621990478
2459495.40000000 0.985513902903084937356937 0.000186109447667855506690 -0.001025228514315048222380 0.169591454543379593911112
2459495.50000000 0.989562485068258945730690 -0.000140700598576389224398 -0.001031928847735491929297 -0.144100671307847733038088
2459495.60000000 0.896219071922761401083335 -0.000453666064908757760837 -0.000937059533247803296170 -0.443610517490293065900886
2459495.70000000 0.714670451958697272587528 -0.000721982729383009421212 -0.000749956634058500121870 -0.699460550283186655029510
2459495.80000000 -0.462784505081253072500402 0.000919240409873095737706 0.000489034516303155563852 0.886470201246815192597239
2459495.90000000 -0.165351654354685545511572 0.001026022472833114373980 0.000179973587839181539986 0.986234122959252057505353
2459496.00000000 0.148354981791996104467657 0.001031817051709809371710 -0.000146807144762690732062 0.988933624253102272483318
2459496.10000000 0.447460632231189259222504 0.000936051868036876346182 -0.000459143980051801884560 0.894303022244997802836508
2459496.20000000 0.702527543878863736104279 0.000748150769070383275805 -0.000726294207151971299083 0.711655789590724840998348
2459496.30000000 0.888452222504740540820478 0.000486606402138811775394 -0.000921962002314934830904 0.458967930825480874279521
2459496.40000000 0.986936102831483252906253 0.000177160264944811740584 -0.001026886714866278227029 0.161108792576207165980762
2459496.50000000 0.988286474408232251676054 -0.000149730743152573541385 -0.001030738768524923614639 -0.152606551824249092597086
2459496.60000000 0.892370434683748214865773 -0.000461891956800753453790 -0.000933136575893183826610 -0.451302474194252345451872
2459496.70000000 0.708627968127919616314614 -0.000728597720051474273539 -0.000743684340198397654358 -0.705581546573583962000953
2459496.80000000 -0.455142871381457592150355 0.000923595622592745081961 0.000481027006446008522679 0.890417813284499537473948
2459496.90000000 -0.156862954612616262162206 0.001027690536880997498881 0.000171015343983806880797 0.987619829729920906125074
2459497.00000000 0.156855296118110915104538 0.001030634098541739112134 -0.000155838242192860704487 0.987621045536769548434108
2459497.10000000 0.455135966608734399141412 0.000932133657904115763178 -0.000467362803093424635913 0.890421341050151360363429
2459497.20000000 0.708622497663952577440227 0.000741881358578668718279 -0.000732895255829850585626 0.705587038061502802577252
2459497.30000000 0.892366934935042710463904 0.000478600462066680902486 -0.000926298469134078034451 0.451309390935914211961943
2459497.40000000 0.988285290847150998949644 0.000168202747906185333913 -0.001028533968733429506195 0.152614212052869624436369
2459497.50000000 0.986937351939059404060117 -0.000158761658495219039116 -0.001029536019461334186292 -0.161101142756599313710097
2459497.60000000 0.888455781347049278195982 -0.000470111074051486241797 -0.000929202626072338027340 -0.458961044282216901191163
2459497.70000000 -0.702533061163816086036604 0.000735199714823842769874 0.000737405874206431316727 0.711650345102894710258568
2459497.80000000 -0.447467566950624118238267 0.000927934075645675754754 0.000473020573141192052571 0.894299553682514125618752
2459497.90000000 -0.148362650398448092659009 0.001029341345159715502555 0.000162066768657519649560 0.988932474012837348098515
2459498.00000000 0.165344006570556728563659 0.001029437035338380025673 -0.000164851058101626955082 0.986235404238946622434980
2459498.10000000 0.462777630794559746707506 0.000928208001979606285407 -0.000475556104983536321283 0.886473787944138225114443
2459498.20000000 0.714665028735964380501855 0.000735614062376184181871 -0.000739466205969104223641 0.699466088357989068668985
2459498.30000000 0.896215631546244839711335 0.000470608029276192761994 -0.000930603935915141618034 0.443617463898944353051235
2459498.40000000 0.989561367157385296522421 0.000159270575377079190958 -0.001030153593909263797304 0.144108341346743357158644
2459498.50000000 0.985515217473255322744308 -0.000167756504664635735201 -0.001028313370320318130557 -0.169583815730313364200654
2459498.60000000 0.884475401506566227816108 -0.000478286051411451885833 -0.000925260395955854598841 -0.466585661229541037720026
2459498.70000000 -0.696386181935223169681137 0.000741753490097885720932 0.000731133648234815890395 0.717666496956878674495783
2459498.80000000 -0.439759159569169388870336 0.000932225181321520691112 0.000465036374348986160463 0.898115135309482282011118
2459498.90000000 -0.139851370518519035890392 0.001030951078473842010691 0.000153156177649315582102 0.990171958725754475239000
2459499.00000000 0.173820485197720864256610 0.001028210424144486781484 -0.000173812212908204028914 0.984776802883734481142142
2459499.10000000 0.470385059509820901979538 0.000924268821698185738360 -0.000483687876441743567612 0.882460654965806501337511
2459499.20000000 0.720654690129426289679770 0.000729352442488852260004 -0.000745971002957858029224 0.693293393280269620859713
2459499.30000000 0.899998027654904997341134 0.000462641884504446916724 -0.000934844840248185695794 0.435892718733021045096621
2459499.40000000 0.990764237388756408009272 0.000150384670600692884343 -0.001031716822984661118684 0.135591809693545090054201
2459499.50000000 0.984020176241526600691145 -0.000176687848620756237641 -0.001027048752940955267388 -0.178053943234908751414025
2459499.60000000 0.880429589641926968468510 -0.000486384998354494530771 -0.000921295894973109762670 -0.474175761006410401154909
2459499.70000000 -0.690187785192637903719515 0.000748225006664775325708 0.000724862519303576865320 0.723629557096645226188514
2459499.80000000 -0.432018219499447964082606 0.000936435141893127349390 0.000457078242945063511430 0.901864275924490588209892
2459499.90000000 -0.131329744603859321916417 0.001032488479234033558821 0.000144295881667904821698 0.991338192206963730868097
2459500.00000000 0.182284104944048813701230 0.001026927597132049280529 -0.000182701982255773555950 0.983245349403740753757575
2459500.10000000 0.477957689993708911835313 0.000920295708167687370564 -0.000491732512688665109393 0.878382239022610034062666
2459500.20000000 0.726591038762833929531837 0.000723083540068456117819 -0.000752380039232389014742 0.687069409494674210314713
2459500.30000000 0.903713843474858280480078 0.000454697172608810003865 -0.000938989652779400620596 0.428135726914243841534358
2459500.40000000 0.991893812587947842906999 0.000141548378367560855106 -0.001033192342608377049806 0.127065247125374425340993
2459500.50000000 0.982452338874162833803894 -0.000185544589237024323781 -0.001025713122789111923089 -0.186510898679200370908760
2459500.60000000 0.876318645079426361554908 -0.000494389989870624730478 -0.000917284186983880834090 -0.481730782132473833723196
2459500.70000000 -0.683938329501782238395435 0.000754590858329227107994 0.000718573178100262964507 0.729539084410756433207723
2459500.80000000 -0.424245319410697929729537 0.000940536723558899382357 0.000449133611007637549312 0.905546698203556599260367
2459500.90000000 -0.122798403079956042205367 0.001033924337495733050685 0.000135480710210881502868 0.992431088210210310407433
2459501.00000000 0.190734239679541506262694 0.001025559298072280722466 -0.000191517967361765062678 0.981641157125403673866515
2459501.10000000 0.485494962055109446907863 0.000916261247707820646741 -0.000499680354825801187162 0.874238841852455816905376
2459501.20000000 0.732473635488592456077583 0.000716783518595503262721 -0.000758677155668326563993 0.680794597469633111508358
2459501.30000000 0.907362804140857348578209 0.000446755112870489716134 -0.000943016870034518034371 0.420347062307174001993815
2459501.40000000 0.992950009217130169503207 0.000132749111042546914926 -0.001034554780627448778915 0.118529284438187984540569
2459501.50000000 0.980811821386916582454774 -0.000194332390373760927190 -0.001024278941177705426827 -0.194954056420715171604741
2459501.60000000 0.872142871968606847588035 -0.000502299483572576943059 -0.000913197389457418170176 -0.489250165702221351260448
2459501.70000000 -0.677638277214484996413546 0.000760842477839413942539 0.000712239228395092046145 0.735394641731328846390170
2459501.80000000 -0.416441034348081051685853 0.000944514967761070963620 0.000441179291843375623143 0.909162129745288649651513
2459501.90000000 -0.114257977109598424236836 0.001035238349908279391343 0.000126692193268694694355 0.993450565905077298545223
2459502.00000000 0.199170264276110675627507 0.001024081272963742791221 -0.000200272728070193065672 0.979964344747401461255265
2459502.10000000 0.492996318079317152882624 0.000912138888947537705525 -0.000507537251960859798865 0.870030770012396703627644
2459502.20000000 0.738302045128473527491053 0.000710425334754359095492 -0.000764861138684056569501 0.674469421428251170169688
2459502.30000000 0.910944639715917992006666 0.000438790008522886056108 -0.000946918339313833476098 0.412527301134610668853497
2459502.40000000 0.993932749155492234471865 0.000123964266083118274456 -0.001035789640106593665486 0.109984553136049975630151
2459502.50000000 0.979098745162614081394281 -0.000203069223553096664912 -0.001022726396482387780165 -0.203382791834120946194986
2459502.60000000 0.867902579252508243889963 -0.000510125601789728128944 -0.000909011772863876021077 -0.496733355429097966915464
2459502.70000000 -0.671288094424540293658765 0.000766985326161802836997 0.000705834692319413296684 0.741195795869172058267793
2459502.80000000 -0.408605941698223784630528 0.000948368327821281836484 0.000433188886247986063537 0.912710303082744478508914
2459502.90000000 -0.105709098512852733842138 0.001036422109214304001015 0.000117905366304432048636 0.994396549882784919205392
2459503.00000000 0.207591554623649504618399 0.001022478886462776289518 -0.000208988041263744441043 0.978215036333780374455671
2459503.10000000 0.500461203116088548803475 0.000907908843122094732017 -0.000515320269631833237714 0.865758334826576825271616
2459503.20000000 0.744075836494972331358611 0.000703985487166132266855 -0.000770943158534928953476 0.668094349321083247339459
2459503.30000000 0.914459085218535250305649 0.000430776348972315248180 -0.000950698577932508636680 0.404677021913545209574892
2459503.40000000 0.994841959705092149235384 0.000115168166157523116930 -0.001036894509576110267809 0.101431685364343590616265
2459503.50000000 0.977313236942484397928865 -0.000211779085668412867536 -0.001021046374611942657643 -0.211796481346032877679519
2459503.60000000 0.863598080638244725015795 -0.000517888944320320059045 -0.000904712231685854428344 -0.504179797695519016365040
2459503.70000000 -0.664888250931452651215636 0.000773035145557166730214 0.000699339616107636364954 0.746942117645977621265274
2459503.80000000 -0.400740621114150319392877 0.000952106591015829898522 0.000425139082111463512646 0.916190955717437915950541
2459503.90000000 -0.097152399750157297786402 0.001037478792902310964150 0.000109095284406663284478 0.995268970157519250463451
2459504.00000000 0.215997487698276702250411 0.001020748540595825190613 -0.000217688652039687495325 0.976393361300524564860837
2459504.10000000 0.507889064904399556432679 0.000903561070002087125645 -0.000523052149748704734572 0.861421852371942797788051
2459504.20000000 0.749794582428091382908519 0.000697448297756801129620 -0.000776942313474979998761 0.661669852787159284979168
2459504.30000000 0.917905880639357740768958 0.000422694030876574235178 -0.000954371683913852607468 0.396796805420254250496015
2459504.40000000 0.995677573595255660521275 0.000106337809952639254850 -0.001037877513092154684732 0.092871313879220485087984
2459504.50000000 0.975455428813337022120322 -0.000220486150725435783816 -0.001019240504282343130066 -0.220194502503755468181268
2459504.60000000 0.859229694569729418596182 -0.000525613065523440484497 -0.000900293865097165487907 -0.511588941603512425970735
2459504.70000000 -0.658439220192494789607451 0.000779013146421493694188 0.000692743019917917905552 0.752633181940122519826275
2459504.80000000 -0.392845654464605398281662 0.000955747096169702473403 0.000417013716521066587009 0.919603830143673750541211
2459504.90000000 -0.088588513862981874136260 0.001038420649734057539873 0.000100241870093010991658 0.996067762175505966304456
2459505.00000000 0.224387441624508909843172 0.001018896572207458970510 -0.000226397012048855383621 0.974499454404675780061496
2459505.10000000 0.515279353917973192977797 0.000899095625266423310352 -0.000530756025785547591589 0.857021643455112447362865
2459505.20000000 0.755457859842496026736569 0.000690807644845510852513 -0.000782880704580396860094 0.655196407105677502968888
2459505.30000000 0.921284770971768085523479 0.000414531315853202742862 -0.000957957119311677023771 0.388887234628541744729802
2459505.40000000 0.996439528992907885829311 0.000097456808908718840214 -0.001038754093518069396285 0.084304071978442571277945
2459505.50000000 0.973525458201752957876352 -0.000229210166172875707798 -0.001017319154471966287032 -0.228576234016441087737448
2459505.60000000 0.854797744209338405951826 -0.000533319559789849221079 -0.000895761310764668140273 -0.518960239012656199264484
2459505.70000000 -0.651941479304092186275454 0.000784941155846601620188 0.000686043589553323915863 0.758268567707882867878766
2459505.80000000 -0.384921625822475632627828 0.000959310309411890750619 0.000408805744952287180953 0.922948673857527213115759
2459505.90000000 -0.080018074400932975853706 0.001039265329381507249260 0.000091332983665194002599 0.996792866825740975222914
2459506.00000000 0.232760795710631518407041 0.001016936600530155953431 -0.000235129366051784822111 0.972533455740170804659783
2459506.10000000 0.522631523409722964501611 0.000894521206915152773155 -0.000538450985767140546424 0.852558033590852915040159
2459506.20000000 0.761065249760760398345383 0.000684066792215613848731 -0.000788778829917787557661 0.648674491163768962564973
2459506.30000000 0.924595506230261987568042 0.000406285923097232269316 -0.000961475296438026407787 0.380948894676705007711348
2459506.40000000 0.997127769510586681178665 0.000088517624377799740540 -0.001039543128034119091538 0.075730593456074371538911
2459506.50000000 0.971523467868896428711878 -0.000237963278231669472969 -0.001015298365222343235370 -0.236941055797288885331753
2459506.60000000 0.850302557410549164629288 -0.000541024224954933454119 -0.000891126703109159767208 -0.526293144593949269172128
2459506.70000000 -0.645395508945408202805538 0.000790837437961119374061 0.000679248785017750483263 0.763847858038325555618542
2459506.80000000 -0.376969121393226080929395 0.000962815635148862761054 0.000400517526688791891589 0.926225239392329924292824
2459506.90000000 -0.071441715386846418867073 0.001040032003993999120892 0.000082365817891347180009 0.997444230446765001119047
2459507.00000000 0.241116930500069437393051 0.001014886239643146038925 -0.000243893399379279827901 0.970495510730362331841548
2459507.10000000 0.529945029475024531606664 0.000889852678432460930148 -0.000546148979461252761375 0.848031352968589446916781
2459507.20000000 0.766616337340825237944841 0.000677236868544928366856 -0.000794652013116956164318 0.642104587431011841758277
2459507.30000000 0.927837841470277369104735 0.000397964530201796800549 -0.000964943809463639028644 0.372982372831547004388142
2459507.40000000 0.997742244213282281073418 0.000079522076119809825281 -0.001040263240702339391994 0.067151512570634230847588
2459507.50000000 0.969449605897296451395562 -0.000246748600305603000161 -0.001013196494732108857498 -0.245288349036800218394561
2459507.60000000 0.845744466702043840022895 -0.000548734849949797983543 -0.000886406868012934597532 -0.533587115863304983776061
2459507.70000000 -0.638801793363481640319890 0.000796713885417348922913 0.000672372744687467797584 0.769370640170841890714826
2459507.80000000 -0.368988729465874742974307 0.000966278221622837805299 0.000392159543786984622626 0.929433284342694898683135
2459507.90000000 -0.062860071285960841813711 0.001040738008091831711538 0.000073346480209641337308 0.998021804833075010243704
2459508.00000000 0.249455227815741725772014 0.001012763789614422966709 -0.000252687797963518153300 0.968385770121293121270867
2459508.10000000 0.537219331066770444671477 0.000885108013896732082580 -0.000553853574445749632926 0.843441936447142937005594
2459508.20000000 0.772110711906731084219757 0.000670334246682072957928 -0.000800508451267025388995 0.635487181929357713983109
2459508.30000000 0.931011536820329221875170 0.000389580738075831945096 -0.000968374905047214942257 0.364988258419282118882876
2459508.40000000 0.998282907627609628065102 0.000070480010675429388255 -0.001040929855327623080805 0.058567463969526764588913
2459508.50000000 0.967304025691469893111218 -0.000255560761370637434375 -0.001011031036059037175462 -0.253617496213584148190279
2459508.60000000 0.841123809267911304310417 -0.000556450942526357200495 -0.000881620100017030850111 -0.540841613220077843671163
2459508.70000000 -0.632160820330689210422292 0.000802574934862989772776 0.000665433226623083793824 0.774836505535424269197620
2459508.80000000 -0.360981040415709386603993 0.000969707121354882514014 0.000383747707371471060474 0.932572571366855673780094
2459508.90000000 -0.054273776943176824105741 0.001041396351121896303449 0.000064287850245521371362 0.998525547242876898579311
2459509.00000000 0.257775070826142094215783 0.001010585256078091066084 -0.000261503680746664449088 0.966204389968018828582785
2459509.10000000 0.544453890043721244751396 0.000880305021385537392851 -0.000561560560844518840556 0.838790123528271425179526
2459509.20000000 0.777547967002284901028020 0.000663377198941226056683 -0.000806348928326898234560 0.628822764172973003304890
2459509.30000000 0.934116357490345272651666 0.000381151902470336671411 -0.000971774304512639940275 0.356967142810792115170671
2459509.40000000 0.998749719744787989306190 0.000061406550707050899123 -0.001041553195736558655449 0.049979082680013768580363
2459509.50000000 0.965086885961823459645359 -0.000264388020800458689846 -0.001008815933158816423310 -0.261927881168702691994099
2459509.60000000 0.836440926917134564000378 -0.000564165034361374033260 -0.000876782992480876124247 -0.548056099999723933535734
2459509.70000000 -0.625473081120989649051012 0.000808417950923080047033 0.000658448197347269014584 0.780245049775283416870764
2459509.80000000 -0.352946646611387748748712 0.000973104718063658689908 0.000375299975154893357323 0.935642868226181922963747
2459509.90000000 -0.045683467532397090127283 0.001042014232572648817568 0.000055206497865639116097 0.998955420402958149672656
2459510.00000000 0.266075844044910247987445 0.001008362077849224089365 -0.000270327133394726202512 0.963951531636615399634138
2459510.10000000 0.551648171214701221742871 0.000875458475584731067240 -0.000569259736914333176576 0.834076258330607722690786
2459510.20000000 0.782927700392260783601728 0.000656382677468697519479 -0.000812167719275942549817 0.622111827168795428200099
2459510.30000000 0.937152073785325945287639 0.000372695831533363956724 -0.000975141172317190688297 0.348919619392460911289078
2459510.40000000 0.999142646026947023329967 0.000052318979988104713443 -0.001042137346899157024013 0.041387004027812368534001
2459510.50000000 0.962798350719120232810155 -0.000273214950313411760775 -0.001006559840705286389129 -0.270218889130730499648081
2459510.60000000 0.831696166069010089927360 -0.000571864731339725052180 -0.000871908066967876896509 -0.555230042498296771924515
2459510.70000000 -0.618739070459859430428651 0.000814234509285943980697 0.000651433047461584015247 0.785595872788965254862603
2459510.80000000 -0.344886142405841200631045 0.000976467178889604586929 0.000366833393323169284529 0.938643947789114863056170
2459510.90000000 -0.037089778540960766095580 0.001042592672648857575132 0.000046119791184624058650 0.999311392510322304971737
2459511.00000000 0.274356933415378034801790 0.001006100011761080397291 -0.000279141815748994777825 0.961627361782696032932449
2459511.10000000 0.558801642384624264181525 0.000870578386675245749146 -0.000576937051954474165727 0.829300689559977044496009
2459511.20000000 0.788249514097123182843063 0.000649364135038334720253 -0.000817954138794099228950 0.615354867375190739409163
2459511.30000000 0.940118461140172612111598 0.000364228346651994188375 -0.000978468996408237519022 0.340846283475668976326034
2459511.40000000 0.999461657407537229502736 0.000043234235875404182937 -0.001042680448103208224256 0.032791863626753320337670
2459511.50000000 0.960438589265565689778725 -0.000282024829946206075180 -0.001004265661535899039139 -0.278489906750084392772493
2459511.60000000 0.826889877725848987388702 -0.000579534840623660454755 -0.000867002728382855730044 -0.562362910014219341547914
2459511.70000000 -0.611959286509618727301074 0.000820012127732155536239 0.000644399070084543238758 0.790888578741679060257752
2459511.80000000 -0.336800124094706776478603 0.000979785696651066422350 0.000358362225878742883534 0.941575588046919764728671
2459511.90000000 -0.028493345695436871067852 0.001043127208667379846041 0.000037043817212852378886 0.999593437235417048292163
2459512.00000000 0.282617726341846176030259 0.001003799261405033350567 -0.000287931104718279625657 0.959232052341721042054701
2459512.10000000 0.565913774357952314986164 0.000865669573525957203493 -0.000584576669916840271392 0.824463770506462689802163
2459512.20000000 0.793513014436328822931443 0.000642330586775675016660 -0.000823694391178695045456 0.608552384646209199026146
2459512.30000000 0.943015300116818333542312 0.000355761906867909662687 -0.000981747104091711423821 0.332747732300742837807661
2459512.40000000 0.999706730293154044453274 0.000034167197497470011103 -0.001043175774799028890025 0.024194297326636127892785
2459512.50000000 0.958007776170785474434410 -0.000290801571615411182971 -0.001001931120942999497644 -0.286740322180894569026322
2459512.60000000 0.822022417443542652293331 -0.000587159363903233251329 -0.000862069291017955748567 -0.569454174890464792646583
2459512.70000000 -0.605134230821975149794412 0.000825736177553530021310 0.000637352936176502089111 0.796122776101745199817117
2459512.80000000 -0.328689189849725893477483 0.000983048168600265514366 0.000349896918654273784803 0.944437572136976433156974
2459512.90000000 -0.019894804932769773186951 0.001043609203208791403467 0.000027991916525443609942 0.999801533721880186789122
2459513.00000000 0.290857611706651586480632 0.001001455302633866154341 -0.000296679867917335111406 0.956765780523246234245960
2459513.10000000 0.572984041002670529962870 0.000860731932597780897629 -0.000592162899017319274871 0.819565859000590202221304
2459513.20000000 0.798717812044595909526379 0.000635286296574858952435 -0.000829373484284799764726 0.601704882208126234921508
2459513.30000000 0.945842376423769892745952 0.000347304740438376133380 -0.000984962385309701713224 0.324624564981094820836915
2459513.40000000 0.999877846564736882939428 0.000025129343972770757585 -0.001043613110188541760401 0.015594941131991104862897
2459513.50000000 0.955506091269619051153938 -0.000299531404754456529599 -0.000999549656969845896209 -0.294969525083008499155568
2459513.60000000 0.817094145316318631877550 -0.000594723361610697783854 -0.000857105304158569249011 -0.576503312535059486698685
2459513.70000000 -0.598264408300135053231372 0.000831391741646924438587 0.000630296428507877860153 0.801298077668312958010688
2459513.80000000 -0.320553939701379464466413 0.000986240863985662083793 0.000341443275179190283350 0.947229688347544285242918
2459513.90000000 -0.011294792346800589660782 0.001044027157196127531674 0.000018973391840365580631 0.999935666587006610761534
2459514.00000000 0.299075979956279935922936 0.000999059716557036420898 -0.000305376084016986887922 0.954228728784634938620002
2459514.10000000 0.580011919299296407892541 0.000855760717190472489091 -0.000599681970664079516155 0.814607317377737061292464
2459514.20000000 0.803863521886699072815929 0.000628230488077500420253 -0.000834976984068396509142 0.594812866638967374655067
2459514.30000000 0.948599480931235139458124 0.000338860032207200087204 -0.000988100847563677230773 0.316477382457577172125696
2459514.40000000 0.999974993576077886281439 0.000016127515309206492776 -0.001043979951809134764165 0.006994431209138919462720
2459514.50000000 0.952933719645996601954607 -0.000308204405356847987649 -0.000997111171513451839329 -0.303176906674336943403603
2459514.60000000 0.812105425934890212680273 -0.000602214612350241373061 -0.000852103791458866757259 -0.583509801480038836629660
2459514.70000000 -0.591350327162886824083898 0.000836965240246247761842 0.000623226166872838842695 0.806414100597295790961994
2459514.80000000 -0.312394975481361580893491 0.000989349864982023551735 0.000333001715468417129086 0.949951730137020056154995
2459514.90000000 -0.002693944155030852070920 0.001044367842227680214309 0.000009992389504058047457 0.999995825921541237057966
2459515.00000000 0.307272223116137166432082 0.000996600926758213186488 -0.000314012220806622513024 0.951621084825153507047446
2459515.10000000 0.586996889337912497452976 0.000850746834926880877124 -0.000607123544909339432976 0.809588512478968902463805
2459515.20000000 0.808949763304179003675642 0.000621157199162735568221 -0.000840492514862211325365 0.587876847805430813309613
2459515.30000000 0.951286409691696865920107 0.000330425368723028369065 -0.000991148989683228020392 0.308306787434616536014431
2459515.40000000 0.999998164154586088869792 0.000007163010888031604885 -0.001044262657626875926559 -0.001606596185876460990138
2459515.50000000 0.950290851610687603567840 -0.000316815661045950476647 -0.000994602872756818667463 -0.311361859799193618769664
2459515.60000000 0.807056628363543082649301 -0.000609624946807513267213 -0.000847053740745133047600 -0.590473123411491274126206
2459515.70000000 -0.584392498921242786735775 0.000842445834925354157183 0.000616133722515508947155 0.811470466417792746227633
2459515.80000000 -0.304212900779628980796332 0.000992362443704571887265 0.000324567016286556357055 0.952603496147213402167608
2459515.90000000 0.005907103370996233220047 0.001044617559240855952582 0.000001047288064490053897 0.999982007289369034808146
2459516.00000000 0.315445734840465230597317 0.000994065256834479821571 -0.000322586157016288999771 0.948943041569414003078009
2459516.10000000 0.593938434390650082939089 0.000845677632293652305900 -0.000614481884564967010577 0.804509815598544286707750
2459516.20000000 0.813976160043911267649719 0.000614055735169488181406 -0.000845911112098396075765 0.580897338821232844807696
2459516.30000000 0.953902963939317061203838 0.000321992818575323684182 -0.000994095245629725071321 0.300113384377758585230822
2459516.40000000 0.999947356600212944321981 -0.000001768723956457249536 -0.001044447881942980882464 -0.010207504758432926761369
2459516.50000000 0.947577682692404499320560 -0.000325365973742567575304 -0.000992010596822562925462 -0.319523778950590309211321
2459516.60000000 0.801948126127673410756813 -0.000616951306221069466218 -0.000841941204026647595053 -0.597392763185049746610389
2459516.70000000 -0.577391438307317095279814 0.000847826778265362728838 0.000609006396454778880546 0.816466801082475823747586
2459516.80000000 -0.296008320908312028141296 0.000995268607853817951700 0.000316128685341635160683 0.955184790213765122501854
2459516.90000000 0.014507713926634881879130 0.001044763758948251018352 -0.000007869386329544925362 0.999894211725939174861821
2459517.00000000 0.323595910468721992270247 0.000991438486780392121481 -0.000331101743174332661165 0.946194797147445032514668
2459517.10000000 0.600836040932598236530282 0.000840538242669528184309 -0.000621756865921179271463 0.799371602466438124778847
2459517.20000000 0.818942340256815226595677 0.000606911673477758388008 -0.000851228610695803052447 0.573874856046374670626165
2459517.30000000 0.956448950113439888554012 0.000313549483087824452498 -0.000996931635723231164212 0.291897779437519877543394
2459517.40000000 0.999822574683397413686237 -0.000010678072332831927275 -0.001044524340697360964905 -0.018807658227327852390465
2459517.50000000 0.944794413625206996876216 -0.000333862380575287412583 -0.000989320518497407248512 -0.327662060304569513480288
2459517.60000000 0.796780297156634453870083 -0.000624196775791117475056 -0.000836750782413656687270 -0.604268208901438619307100
2459517.70000000 -0.570347663266947857430011 0.000853106870875970364591 0.000601828323879083490131 0.821402734970339554188001
2459517.80000000 -0.287781842845838187194829 0.000998062845470304308218 0.000307671564504962173018 0.957695421382310008162619
2459517.90000000 0.023107251244946218349252 0.001044796904569120308409 -0.000016770929678697768056 0.999732445736218000575946
2459518.00000000 0.331722147046616622212412 0.000988707648048284867132 -0.000339569358367631916624 0.943376554885815954420991
2459518.10000000 0.607689198684807641015482 0.000835313132017803552758 -0.000628955076654571739771 0.794174253214462888550429
2459518.20000000 0.823847936552778659091700 0.000599708001563197933698 -0.000856447182787268808737 0.566809919007910667509975
2459518.30000000 0.958924179872064796903430 0.000305078108511889708760 -0.000999655598371536465926 0.283660580399080763935871
2459518.40000000 0.999623827643163043177310 -0.000019581226212413517708 -0.001044484762671223738659 -0.027406420339786411594085
2459518.50000000 0.941941250321639667042461 -0.000342318736752112481436 -0.000986521036741630974118 -0.335776101794398595945523
2459518.60000000 0.791553523771597045133319 -0.000631371723531249057042 -0.000831467268566830463444 -0.611098951918707444797008
2459518.70000000 -0.563261694911591948020657 0.000858292060570392859563 0.000594581720112419406452 0.826277902918945095223080
2459518.80000000 -0.279534075190501163366008 0.001000746050308455809344 0.000299176562511598346204 0.960135203920646995712218
2459518.90000000 0.031705079123491783366084 0.001044712564582592423737 -0.000025676313196323022082 0.999496721292176482087655
2459519.00000000 0.339823843392486002468189 0.000985863114295026368369 -0.000348006374476658437815 0.940488523283006583319832
2459519.10000000 0.614497400643506885842271 0.000829988020821965499091 -0.000636090870773732596291 0.788918152351754331519373
2459519.20000000 0.828692586014334153787786 0.000592426716705557595763 -0.000861576921892019502447 0.559703050375968125251802
2459519.30000000 0.961328470094986897720446 0.000296558231619571330273 -0.001002272007252945655240 0.275402396664399917725063
2459519.40000000 0.999351130183882330193512 -0.000028499599852392414002 -0.001044328215690339253449 -0.036003154947875481983743
2459519.50000000 0.939018403860417683048922 -0.000350755762040950752785 -0.000983605264732404860686 -0.343865303137898759011648
