2459123.50000000 0.996252836249784889943726 -0.000083051062358433251544 -0.000987095553261635406603 -0.086482975253669658322053
2459123.60000000 0.920432165466331997372151 -0.000385130091838005862541 -0.000912328828252151010671 -0.390901072018721318368506
2459123.70000000 0.754023253535417881110448 -0.000649305035987693597056 -0.000747772725894524457196 -0.656846977892146965949394
2459123.80000000 -0.513403940249549606278379 0.000849576197547787371860 0.000509622356268147843651 0.858146498356199716184278
2459123.90000000 -0.222255797402188232103626 0.000966233108693317086293 0.000221315933575785258941 0.974987886044495599691118
2459124.00000000 0.090766595275023370659184 0.000987794448082251813278 -0.000088771937998503110036 0.995871699348580774469042
2459124.10000000 0.394855806506022755097973 0.000912138065491687431707 -0.000390122823874588251294 0.918742568882227716997591
2459124.20000000 0.660083607412387030066725 0.000746709891658529803342 -0.000653078050233038944275 0.751191485001066583393481
2459124.30000000 0.860346474174837561044171 0.000507791169187485043682 -0.000851757681571381009347 0.509708702134211266709940
2459124.40000000 0.975934689618121575804821 0.000218896096823002116400 -0.000966607643873806021348 0.218060769864054815325716
2459124.50000000 0.995472146368725718801329 -0.000091542377752752322143 -0.000986324255310891797113 -0.095048538063865012359699
2459124.60000000 0.917035983379754560118613 -0.000392970917743479762878 -0.000908966896511217785880 -0.398803240382108348249801
2459124.70000000 0.748345827830448784290240 -0.000655722758558140530506 -0.000742148752692447849152 -0.663308028905808866326765
2459124.80000000 -0.506004040746217520485573 0.000853937668275169610606 0.000502287875650980460487 0.862530538152296077925030
2459124.90000000 -0.213861715676298774768682 0.000968107087616950864363 0.000212991285371993038832 0.976863441823335398872530
2459125.00000000 0.099328720025717048836000 0.000986994198808745226703 -0.000097268384521156890372 0.995054180313286407155715
2459125.10000000 0.402743296387645388634269 0.000908739914805157069679 -0.000397955143882161414565 0.915312434657034712515156
2459125.20000000 0.666520180516546711935177 0.000741045907327381159733 -0.000659475013215643393431 0.745486327780137014720196
2459125.30000000 0.864698649906263772102477 0.000500416657484642956807 -0.000856088690847022892177 0.502290017365518370873190
2459125.40000000 0.977774128696036526342539 0.000210535119783124502696 -0.000968444873104795656005 0.209658701326141949650150
2459125.50000000 0.994617813334329081698115 -0.000100068141090412280302 -0.000985484883337365722908 -0.103607066378366488579310
2459125.60000000 0.913571960453760212317320 -0.000400823068882095795082 -0.000905531106301009228524 -0.406675905883863264556055
2459125.70000000 0.742613042672120915455025 -0.000662128499999995942527 -0.000736452387086857646059 -0.669720007224091196107452
2459125.80000000 -0.498566709178013656167394 0.000858265883181212607678 0.000494889367532911532768 0.866850768565757490158319
2459125.90000000 -0.205451812830109492580277 0.000969930504273411688877 0.000204616864804265275336 0.978666730798154027581859
2459126.00000000 0.107883495096676315649908 0.000986131546070825827296 -0.000105796015599711953361 0.994163048919585068396998
2459126.10000000 0.410600990598361970107533 0.000905273907774255129702 -0.000405797677962755059134 0.911814587691239464284365
2459126.20000000 0.672907446589738555964288 0.000735315276121436753320 -0.000665860967889923805428 0.739726019728887629334224
2459126.30000000 0.868986855861415441459883 0.000492983000324496295486 -0.000860389310671108987864 0.494834175292635736198577
2459126.40000000 0.979541233618331119714639 0.000202127811943541072209 -0.000970236041125330760104 0.201241122605252231725359
2459126.50000000 0.993689899920662811361183 -0.000108623557181037128029 -0.000984588927204670463778 -0.112157931421789952564083
2459126.60000000 0.910040353545109259592039 -0.000408685965367999943024 -0.000902034318436689686038 -0.414518484785501017952924
2459126.70000000 0.736825319222902286320220 -0.000668525885805345957726 -0.000730696812772451960265 -0.676082441797316024967301
2459126.80000000 -0.491092493196940371724679 0.000862568348187624971482 0.000487439254465534086303 0.871106871459462084317238
2459126.90000000 -0.197026712452985003354300 0.000971714157238434445181 0.000196203297206181857208 0.980397619262412423069009
2459127.00000000 0.116430290550232407031928 0.000985219771849679725254 -0.000114346913228882224268 0.993198370774317496056938
2459127.10000000 0.418428310513136114678900 0.000901754834090423194014 -0.000413645896333406071742 0.908249285546605333863113
2459127.20000000 0.679244932017408320490404 0.000729533228112765855418 -0.000672235177723716145759 0.733910987933171332642246
2459127.30000000 0.873210776272761779459586 0.000485504769440514604480 -0.000864662698265631496364 0.487341724916021123981125
2459127.40000000 0.981235874214816838900788 0.000193687046731799938871 -0.000971987964653970096252 0.192808653535533530698487
2459127.50000000 0.992688474900612405349420 -0.000117198370763323022801 -0.000983646324571735069728 -0.120700499185102075316856
2459127.60000000 0.906441422085521919527196 -0.000416552630207713372231 -0.000898488892029923038804 -0.422330400905142622214328
2459127.70000000 0.730983085617611161310947 -0.000674911666473268002410 -0.000724895741545285169152 -0.682394861909584649062310
2459127.80000000 -0.483581945698151882684357 0.000866845774088949175620 0.000479951389150418052543 0.875298531941718138682518
2459127.90000000 -0.188587032057370235227367 0.000973462703633248805334 0.000187763332783024902966 0.982055980305942988195511
2459128.00000000 0.124968475567913850365898 0.000984267214602866985160 -0.000122910571366278048621 0.992160217013795087126482
2459128.10000000 0.426224678403846979346525 0.000898194212900610389726 -0.000421492499414027692838 0.904616791304621914449058
2459128.20000000 0.685532170101274873630359 0.000723713742150372909591 -0.000678594224739610088655 0.728041660555059921833276
2459128.30000000 0.877370100029414512476933 0.000477997499292101774362 -0.000868909640904905709868 0.479813217917425927083741
2459128.40000000 0.982857924768268054194209 0.000185228876227743014535 -0.000973705578563904741024 0.184361919352950848205452
2459128.50000000 0.991613611782428794327870 -0.000125777142354529841879 -0.000982665723439625883942 -0.129234142066179030772233
2459128.60000000 0.902775432231865737620069 -0.000424409864738966517272 -0.000894906262038274108797 -0.430111076324617147559337
2459128.70000000 0.725086772997420747621788 -0.000681275990536139505749 -0.000719062678567140107708 -0.688656801632936965695819
2459128.80000000 -0.476035619693086109460722 0.000871092449830205596550 0.000472440454319430461379 0.879425441285876074992700
2459128.90000000 -0.180133397396853217609092 0.000975174993339364740673 0.000179311818271187602310 0.983641690872674501200379
2459129.00000000 0.133497418518381760765834 0.000983277308517475521696 -0.000131473066316897997403 0.991048664359669317924784
2459129.10000000 0.433989518797273543526671 0.000894599688699414057579 -0.000429325554959193223838 0.900917372984103681510248
2459129.20000000 0.691768696737542043706526 0.000717867947888159744704 -0.000684929139899828078562 0.722118470717203253528282
2459129.30000000 0.881464518643856997925923 0.000470474802349821153921 -0.000873124927361399122763 0.472249212469175172479652
2459129.40000000 0.984407266279290538157909 0.000176768197658678892633 -0.000975387977516944861683 0.175901539127478467872123
2459129.50000000 0.990465389763444337134501 -0.000134344942048332977340 -0.000981650754770725230552 -0.137758230220812405431019
2459129.60000000 0.899042653832264004876151 -0.000432243801980493477181 -0.000891294298321537877515 -0.437859938050412955679036
2459129.70000000 0.719136815459119338456162 -0.000687607262643151386644 -0.000713209192574747077691 -0.694867799786002215967073
2459129.80000000 -0.468454072082802486232112 0.000875300053501899821828 0.000464920902995576005353 0.883487294785214594128320
2459129.90000000 -0.171666430937216174523741 0.000976846684040335840396 0.000170865051739160615524 0.985154634087742842041280
2459130.00000000 0.142016491338106176645084 0.000982250035886083868245 -0.000140017439525247562072 0.989863794553365705652936
2459130.10000000 0.441722258556420277475496 0.000890975529151497155564 -0.000437128693836421266476 0.897151303502608077344860
2459130.20000000 0.697954051541481823583979 0.000712003982701883740905 -0.000691225371527656143496 0.716141855496426393834497
2459130.30000000 0.885493730527528000173731 0.000462947937939627506779 -0.000877296936155019997129 0.464650265495699654749728
2459130.40000000 0.985883783214016262697044 0.000168318397333695225770 -0.000977027381832181861937 0.167428143039393406699133
2459130.50000000 0.989243894071241247623050 -0.000142887429213964760452 -0.000980598129612318984358 -0.146272130130279731652365
2459130.60000000 0.895243363544151127264570 -0.000440040080783129583866 -0.000887654702828596302126 -0.445576411475644307280675
2459130.70000000 0.713133654087389601272662 -0.000693892181344025506251 -0.000707341755215428716515 -0.701027395747459758368336
2459130.80000000 -0.460837866256793404762249 0.000879457366132135073648 0.000457403374828051787013 0.887483790477479161928898
2459130.90000000 -0.163186761911196964724979 0.000978469527521796901201 0.000162436916223496311288 0.986594697405252518684904
2459131.00000000 0.150525062359473077444605 0.000981180800334503430693 -0.000148527725267731962235 0.988605695322974598049370
2459131.10000000 0.449422321640448985125005 0.000887321210141310654125 -0.000444885157806223390832 0.893318863312019040279210
2459131.20000000 0.704087774753575534880667 0.000706125512635851567030 -0.000697466695521841285703 0.710112258990605704767063
2459131.30000000 0.889457436142336854700829 0.000455424565829861598219 -0.000881411222414966999406 0.457016941691795297586509
2459131.40000000 0.987287366276588418401161 0.000159890618932467847490 -0.000978612202816078833451 0.158942357926947691604269
2459131.50000000 0.987949215001725722373749 -0.000151390760114080129978 -0.000979499943991862321094 -0.154775211961626329992825
2459131.60000000 0.891377843670011049681534 -0.000447783228282521621275 -0.000883983706252907145903 -0.453259923086844096484782
2459131.70000000 -0.707077734980498751049538 0.000700114861387442655866 0.000701460975853079220579 0.707135131700962982215231
2459131.80000000 -0.453187566923465567914064 0.000883549350022042891649 0.000449892784643705554142 0.891414631988123429273685
2459131.90000000 -0.154695019066103778282439 0.000980030536973651531657 0.000154036254639796038688 0.987961774001764325703334
2459132.00000000 0.159022497770697629482228 0.000980059718862219672250 -0.000156991804538832055134 0.987274460339618964432873
2459132.10000000 0.457089138399545569235727 0.000883630765426534812122 -0.000452580442336893249301 0.889420335906638492851073
2459132.20000000 0.710169410511658161233584 0.000700230999148747281641 -0.000703637264934310721794 0.704030129287016026573554
2459132.30000000 0.893355340889732230102993 0.000447907731801481005188 -0.000885451742219032968823 0.449349808342203060895770
2459132.40000000 0.988617911133376603416423 0.000151492284164499282960 -0.000980127356670427909296 0.150444814421536926518641
2459132.50000000 0.986581448750526335267352 -0.000159843697836645600103 -0.000978343165879481382538 -0.163266843772862713102256
2459132.60000000 0.887446381502685954778542 -0.000455459124384816050040 -0.000880271457002143988338 -0.460909901864171633878442
2459132.70000000 -0.700969507171079198037944 0.000706259294615127746625 0.000695560947113831170782 0.713190554766637285766251
2459132.80000000 -0.445503742654257295363607 0.000887559250839364799988 0.000442387621431792124604 0.895279527193787005856507
2459132.90000000 -0.146191833494656447944848 0.000981513427545728034743 0.000145666054748866977218 0.989255762293990259514942
2459133.00000000 0.167508166055474916333878 0.000978872175552064627269 -0.000165402437230522064791 0.985870188592609886235607
2459133.10000000 0.464722139055970873133816 0.000879892345591536031296 -0.000460203626420545438506 0.885456011032071943489541
2459133.20000000 0.716198506867981699031134 0.000694312274413310423320 -0.000709723324053516328551 0.697895918445281981945527
2459133.30000000 0.897187155125334312444352 0.000440393612887088976762 -0.000889402955456479091777 0.441649435291696812466711
2459133.40000000 0.989875318950403260132020 0.000143124274589889353623 -0.000981556688966468259688 0.141936144073133679865961
2459133.50000000 0.985140697025487899196605 -0.000168240631035882404112 -0.000977112225767503466203 -0.171746394461498641526020
2459133.60000000 0.883449267932890358601128 -0.000463057941486259459166 -0.000876503995265414726813 -0.468525781901522053729536
2459133.70000000 -0.694809425715136819157181 0.000712312122415326783205 0.000689630452645254498831 0.719193213926503038813109
2459133.80000000 -0.437786963224800818039739 0.000891471094653265819403 0.000434880344035146627207 0.899078189585478804168872
2459133.90000000 -0.137677835720718899636950 0.000982900674879706682738 0.000137323119385090097397 0.990476566406035430212285
2459134.00000000 0.175981440916898934645474 0.000977600251184239550650 -0.000173758137480234050882 0.984392983801831378265490
2459134.10000000 0.472320756362102134318093 0.000876088814510004817472 -0.000467748546391526514188 0.881426183403194674070846
2459134.20000000 0.722174617856217837541521 0.000688354112610507686693 -0.000715714406370620203832 0.691710080340738997506378
2459134.30000000 0.900952595460027483298404 0.000432869917007651350792 -0.000893250789738570167599 0.433916392246280702149619
2459134.40000000 0.991059496602062273140632 0.000134778092037600362874 -0.000982883502250683684792 0.133416977815278753327632
2459134.50000000 0.983627066765089930200361 -0.000176585617905091911200 -0.000975788994072748923879 -0.180213235307697478004840
2459134.60000000 0.879386800807805957269636 -0.000470578649568116776612 -0.000872662831092948110961 -0.476106995936663612845052
2459134.70000000 -0.688597946426718898749186 0.000718267294053096081070 0.000683651858501542388641 0.725142665196586100329057
2459134.80000000 -0.430037802220443687861717 0.000895274212400881978444 0.000427355426574357627912 0.902810336954758985150704
2459134.90000000 -0.129153659981166873960134 0.000984177712726229088694 0.000128995225306856905589 0.991624095546060346784145
2459135.00000000 0.184441689745584697091019 0.000976226461789513164265 -0.000182066768584858938978 0.982842956385701183030790
2459135.10000000 0.479884425664463321048459 0.000872200941790540794710 -0.000475217877813690660338 0.877331152665672853174783
2459135.20000000 0.728097297419371458637727 0.000682336831240518441530 -0.000721607469764840719906 0.685473076924978053092730
2459135.30000000 0.904651380909596292134722 0.000425317839552889808211 -0.000896986338645673468052 0.426151256642683606834510
2459135.40000000 0.992170356061833236260838 0.000126437098537987959238 -0.000984093299885593691609 0.124887950282586687733577
2459135.50000000 0.982040671184022273543235 -0.000184891956419660661790 -0.000974354099138912549405 -0.188666734187812795697781
2459135.60000000 0.875259282244453373778015 -0.000478030175643728079838 -0.000868725352494429683102 -0.483652980604732496416887
2459135.70000000 -0.682335534282435762776231 0.000724128337278102463329 0.000677600746383129554432 0.731038463523071113669971
2459135.80000000 -0.422256836984305161664111 0.000898966084431733806169 0.000419788218130795747363 0.906475691487300339055366
2459135.90000000 -0.120619939843361972942049 0.000985335774279732937511 0.000120659126316251225737 0.992698264663833485066391
2459136.00000000 0.192888282361935115005735 0.000974736102017541902048 -0.000190348572259194825278 0.981220222062316294042716
2459136.10000000 0.487412583635772167500733 0.000868208907991258548552 -0.000482627403239667147200 0.873171224100454779204483
2459136.20000000 0.733966106553967878589617 0.000676236795256417774075 -0.000727412623017197708039 0.679185370870118099162482
2459136.30000000 0.908283236812687300165692 0.000417711624005858729852 -0.000900613146715441531369 0.418354605732467910161887
2459136.40000000 0.993207815037267738311755 0.000118075370045663880685 -0.000985182580087651336292 0.116349695410020326225009
2459136.50000000 0.980381627914266529089105 -0.000193183680508954969514 -0.000972796965948057165349 -0.197106265739850794460608
2459136.60000000 0.871067019961930144589246 -0.000485433072332847894391 -0.000864674075410809929790 -0.491163173932676666577635
2459136.70000000 -0.676022651715848632569816 0.000729910729271184195201 0.000671453927679548871060 0.736880173940328564441415
2459136.80000000 -0.414444644616750845766973 0.000902555769442108316025 0.000412151518468743447397 0.910073981647782748183317
2459136.90000000 -0.112077306682695027051366 0.000986376550329939134551 0.000112285635849624431206 0.993698994554995329586689
2459137.00000000 0.201320595356207138193483 0.000973123024665047131609 -0.000198632516963165084217 0.979524900889064631392955
2459137.10000000 0.494904676035971158309934 0.000864098805990239603181 -0.000490003673468213845135 0.868946704272987036077325
2459137.20000000 0.739780610286744799708458 0.000670032994318025252635 -0.000733151979656481832953 0.672847428609968045698508
2459137.30000000 0.911847894755785870479770 0.000410024361387600119050 -0.000904147225340648161285 0.410527016439609759856921
2459137.40000000 0.994171797230039677728541 0.000109661796691644871662 -0.000986160056585006026403 0.107802843444162674280129
2459137.50000000 0.978650060249755648911218 -0.000201494016404636688052 -0.000971118377122941363322 -0.205531204205145201502347
2459137.60000000 0.866810322207743899625143 -0.000492819863506636229866 -0.000860501805550685462329 -0.498637024276008866685572
2459137.70000000 -0.669659765940678775031358 0.000735643949892891683452 0.000665196473166675280274 0.742667364451425782156946
2459137.80000000 -0.406601800518487432878345 0.000906067628870733140882 0.000404423471501859583058 0.913604942684628440474626
2459137.90000000 -0.103526392522064858425779 0.000987317603451004586340 0.000103847320801557149988 0.994626211433558005126088
2459138.00000000 0.209738004951575657264229 0.000971396829327815427430 -0.000206949826118424157120 0.977757118531238922365389
2459138.10000000 0.502360147422008296302920 0.000859871687498411289667 -0.000497379590815852671778 0.864657906640459494873596
2459138.20000000 0.745540381587272316110671 0.000663717942182605238205 -0.000738857847035382362712 0.666459715954090481382366
2459138.30000000 0.915345093044796276338104 0.000402240620787044759771 -0.000907618000171845837332 0.402669063959992357126794
2459138.40000000 0.995062231710471034595855 0.000101174107660224801147 -0.000987050159060447488898 0.099248025263898836945131
2459138.50000000 0.976846095624608889984586 -0.000209850563072312603762 -0.000969335979503587927796 -0.213940930663270800771159
2459138.60000000 0.862489503331422491250180 -0.000500221993736733872016 -0.000856218213799823826653 -0.506073980076966467578359
2459138.70000000 -0.663247344553061890515266 0.000741361193983903761333 0.000658829508611429980752 0.748399610014532923329966
2459138.80000000 -0.398728883645583731532014 0.000909534380755351113193 0.000396596649608231988527 0.917068314142742035954825
2459138.90000000 -0.094967825611365491722538 0.000988188986857155542837 0.000095328719538956120205 0.995479847356657732149188
2459139.00000000 0.218139894208051604573839 0.000969582896319972752791 -0.000215322981582182962747 0.975917004718910408023191
2459139.10000000 0.509778450138447247752538 0.000855546573324511127473 -0.000504783229917517392744 0.860305146449729885027580
2459139.20000000 0.751244995448848706942613 0.000657303044826248214320 -0.000744562151465207608739 0.660022704452134401087449
2459139.30000000 0.918774574266205679151653 0.000394363442523058946223 -0.000911059305138475989186 0.394781326977263591349043
2459139.40000000 0.995879053330606889282706 0.000092606780059190365261 -0.000987886589908077566990 0.090685867923447543992310
2459139.50000000 0.974969866994476519472812 -0.000218267039168635527784 -0.000967481329213606749615 -0.222334825863513690924478
2459139.60000000 0.858104881609682901277836 -0.000507660392966973145028 -0.000851850717506454015344 -0.513473493754456500326455
2459139.70000000 -0.656785860902600382438266 0.000747089333820342938949 0.000652374618029776930789 0.754076487620892188523669
2459139.80000000 -0.390826472426486382083510 0.000912987224478676077065 0.000388685466529533208812 0.920463841673406779619881
2459139.90000000 -0.086402236170495944067582 0.000989024353198033777043 0.000086736182460111517891 0.996259839545902248225673
2459140.00000000 0.226525643011214833366651 0.000967715315001051895084 -0.000223754108010846360002 0.974004695327046476904798
2459140.10000000 0.517159039230619343996409 0.000851155939640199882094 -0.000512225100900526482406 0.855888743529536366594357
2459140.20000000 0.756894032818563378128829 0.000650817201919393789090 -0.000750283193583804936845 0.653536867051203951284322
2459140.30000000 0.922136086493307249867257 0.000386416381546040741887 -0.000914496175197060628785 0.386864384979410114162590
2459140.40000000 0.996622201950646546819712 0.000083976554678531171051 -0.000988699656855986921608 0.082117001891194252305439
2459140.50000000 0.973021511881997480664097 -0.000226734608877048038605 -0.000965588220586871982115 -0.230712274587386412250112
2459140.60000000 0.853656778406881699972075 -0.000515134568471220933954 -0.000847434837514930987441 -0.520835022987172546748980
2459140.70000000 -0.650275787464207333243849 0.000752836218383196942652 0.000645866776638733832393 0.759697582154174599899932
2459140.80000000 -0.382895144690094391126678 0.000916441905876814793749 0.000380722034418150951339 0.923791276943706329838335
2459140.90000000 -0.077830249070350618345593 0.000989846485670984937641 0.000078096750623024232835 0.996966131036610248017382
2459141.00000000 0.234894639601131050010707 0.000965822669358609416437 -0.000232223168839245768793 0.972020329800377558271407
2459141.10000000 0.524501376228789895073135 0.000846732612414594618989 -0.000519693685282793943481 0.851409019975682523906357
2459141.20000000 0.762487082469233135029185 0.000644295665923161689492 -0.000756018940105583018424 0.647002675717325503867983
2459141.30000000 0.925429383265006677561360 0.000378435132231235826089 -0.000917936386037628893921 0.378918818177403915470336
2459141.40000000 0.997291623115257319653892 0.000075317491877462748704 -0.000989506587088687800113 0.073542053736312479328419
2459141.50000000 0.971001172605989393282755 -0.000235222891891465242260 -0.000963682286250172972543 -0.239072664234214193879069
2459141.60000000 0.849145518076755090319807 -0.000522620158626748679449 -0.000843002489805534703862 -0.528158030654292343086809
2459141.70000000 -0.643717601266603045573333 0.000758585390828084727560 0.000639342298411265741800 0.765262481511130077116434
2459141.80000000 -0.374935483011835435362968 0.000919891233827980245134 0.000372744893946151689430 0.927050375351639588394903
2459141.90000000 -0.069252496946152986012635 0.000990658159506815905182 0.000069448854579386520391 0.997598669525787684619900
2459142.00000000 0.243246267697344781266722 0.000963917663917301459700 -0.000240694222959626763893 0.969964054065896696954496
2459142.10000000 0.531804917885672967514665 0.000842298432171446204153 -0.000527157797734807351264 0.846866307010799235222009
2459142.20000000 0.768023729554236700423075 0.000637767907006302008609 -0.000761744985628552587036 0.640420614781921138103371
2459142.30000000 0.928654222460306044695244 0.000370454676756021273037 -0.000921363952805701871482 0.370945210183416917981702
2459142.40000000 0.997887267215884055104880 0.000066667539580418056443 -0.000990300943660846460376 0.064961656286825986139633
2459142.50000000 0.968908998403684162958882 -0.000243693768582128400882 -0.000961767171127723518968 -0.247415376299122413694676
2459142.60000000 0.844571435686993443603399 -0.000530081330062140334419 -0.000838567301187003746009 -0.535441972430032775420727
2459142.70000000 -0.637111787298092702158669 0.000764305915100164760811 0.000632823778285887365846 0.770770773872329728604313
2459142.80000000 -0.366948077488442658822265 0.000923311440787242870484 0.000364783989009139647270 0.930240895067368955828613
2459142.90000000 -0.060669612838218478501062 0.000991444528286655269236 0.000060827670733264040494 0.998157408135328494402927
2459143.00000000 0.251579909455322436873104 0.000961995450549331778192 -0.000249129302912472129928 0.967836020024780419035437
2459143.10000000 0.539069125073601496112019 0.000837858857911764334445 -0.000534579281973796829538 0.842260939738626812633981
2459143.20000000 0.773503564364210638437669 0.000631249204239947288124 -0.000767425547852237065205 0.633791171047471735278123
2459143.30000000 0.931810364228004117670423 0.000362498869224815061570 -0.000924747816832278100863 0.362944153490452781074538
2459143.40000000 0.998409089984490183411481 0.000058057222123393818942 -0.000991058366886726901587 0.056376444271086810500204
2459143.50000000 0.966745144596830807692811 -0.000252112428646775058386 -0.000959826683002660174977 -0.255739790744668571420561
2459143.60000000 0.839934869462244493298897 -0.000537481844454012493671 -0.000834122497680448360055 -0.542686309403374367299477
2459143.70000000 -0.630458836374791720125188 0.000769962610130125904399 0.000626314182517561063128 0.776222049754106691032973
2459143.80000000 -0.358933520298866548525751 0.000926670717759403334175 0.000356851596631018613305 0.933362599391987068919718
2459143.90000000 -0.052082236058297204372991 0.000992179132800541981746 0.000052253670776099557559 0.998642305100744365198295
2459144.00000000 0.259894942655648553131442 0.000960036447541593460434 -0.000257501449581572911234 0.965636386433658122641077
2459144.10000000 0.546293456628170637223718 0.000833402179748565005019 -0.000541926832932979074021 0.837593261076547412891102
2459144.20000000 0.778926179568166232591864 0.000624736148238077388349 -0.000773027364248252027261 0.627114837104167044401493
2459144.30000000 0.934897573379556812156466 0.000354572474467371417505 -0.000928055200959801754844 0.354916244035840489079447
2459144.40000000 0.998857052270342826716387 0.000049498838795456330227 -0.000991748876525056508383 0.047787060104922375602943
2459144.50000000 0.964509771527915171773770 -0.000260460126932593244095 -0.000957835646153796464036 -0.264045290316224479099105
2459144.60000000 0.835236164685886683933802 -0.000544797872544284947707 -0.000829649197139966797405 -0.549890501898134820280006
2459144.70000000 -0.623759242881052111684426 0.000775528281396526244021 0.000619801933692391534073 0.781615903958789881578184
2459144.80000000 -0.350892407036724585100984 0.000929940351808913575130 0.000348943906839895489833 0.936415256247278393608724
2459144.90000000 -0.043491003337757572211331 0.000992833604024697270046 0.000043730722295874894926 0.999053324401342646154944
2459145.00000000 0.268190752173364799215705 0.000958014394780423283321 -0.000265799717755407620152 0.963365315966496660315954
2459145.10000000 0.553477375614131128500617 0.000828905820508890004567 -0.000549183464591885108289 0.832863617884369134003464
2459145.20000000 0.784291172114007228977073 0.000618211142431944081152 -0.000778528798459164031627 0.620392109114347389819955
2459145.30000000 0.937915620973138852711770 0.000346663837063274256345 -0.000931261443491922507459 0.346862077071669216987715
2459145.40000000 0.999231120921974302895308 0.000040987257234256545344 -0.000992346528899244783098 0.039194139218363496790509
2459145.50000000 0.962203045680277480045106 -0.000268735288461215235823 -0.000955768582990500562002 -0.272331256323934844942869
2459145.60000000 0.830475670560306800105366 -0.000552021187332000910254 -0.000825123892703983848919 -0.557054014481595527463753
2459145.70000000 -0.617013504724479688867689 0.000780988772216806379639 0.000613266835649782450675 0.786951935601765018013509
2459145.80000000 -0.342825335324476954124151 0.000933101375049586422017 0.000341045144585081481687 0.939398638741450020539503
2459145.90000000 -0.034896554654720517152366 0.000993385595758028471305 0.000035248305740972021328 0.999390435423257672553632
2459146.00000000 0.276466720036757818146356 0.000955905213592877275181 -0.000274028853860859946453 0.961022977802893807464102
2459146.10000000 0.560620348117469413651293 0.000824345708493613152021 -0.000556347969961731815200 0.828072361697465675334229
2459146.20000000 0.789598143292586818198231 0.000611651832541514300749 -0.000783922854212718402470 0.613623486720744848454956
2459146.30000000 0.940864282720290212580494 0.000338753876288105189220 -0.000934354265611049951759 0.338782251200901218801675
2459146.40000000 0.999531268110615100930261 0.000032507960595103317452 -0.000992834587497558795563 0.030598321711244148152220
2459146.50000000 0.959825138545938760792353 -0.000276946941033820231634 -0.000953605401144118195768 -0.280597072956962734213704
2459146.60000000 0.825653740933354640674224 -0.000559155182470250371359 -0.000820524559398033855560 -0.564176314787466326450271
2459146.70000000 -0.610222123284908213314282 0.000786341700443604890020 0.000606686602758357168032 0.792229748148345125358105
2459146.80000000 -0.334732906113898776023774 0.000936145851809573278403 0.000333134427226099833191 0.942312524705335330388323
2459146.90000000 -0.026299525825464801359610 0.000993822197870566177366 0.000026788457425517509468 0.999653613278529307173415
2459147.00000000 0.284722233999986973351781 0.000953691919517201205404 -0.000282202635905106681297 0.958609545278507724219708
2459147.10000000 0.567721844533762398654630 0.000819701957856964580178 -0.000563429032703006591951 0.823219847838405516249338
2459147.20000000 0.794846699636089781826342 0.000605036800723357070901 -0.000789212634533224214467 0.606809471869832139923062
2459147.30000000 0.943743340034488342737973 0.000330821121439595165065 -0.000937331149721382659093 0.330677365581398929883505
2459147.40000000 0.999757471747348858137627 0.000024040912564609643410 -0.000993205311335680803009 0.022000242049594387339084
2459147.50000000 0.957376225700178884459035 -0.000285112284224601120371 -0.000951333922424738324605 -0.288842130130716912006505
2459147.60000000 0.820770731761909844159675 -0.000566212662310680331541 -0.000815835485588334622352 -0.571256877156134601491999
2459147.70000000 -0.603385601047002340102665 0.000791594695423211702767 0.000600043104575624609495 0.797448951202963662865386
2459147.80000000 -0.326615713963387066520738 0.000939075886466197800283 0.000325192497106758940731 0.945156700118088055617704
2459147.90000000 -0.017700554327931758424874 0.000994140066223131706885 0.000018332192873497846458 0.999842838512929654726236
2459148.00000000 0.292956681920914230321529 0.000951366204563210268383 -0.000290338394422620931380 0.956125197410604199532713
2459148.10000000 0.574781340730739720434883 0.000814962121959165335973 -0.000570441050769029695672 0.818306434522543812981610
2459148.20000000 0.800036453794928048566248 0.000598350551763265816468 -0.000794408521860652592876 0.599950567539032642017105
2459148.30000000 0.946552579997772869369044 0.000322848285392236735315 -0.000940197667189452052951 0.322548019830383503325777
2459148.40000000 0.999909715135778753847262 0.000015568352320371154311 -0.000993459016687828124631 0.013400536315574999510214
2459148.50000000 0.954856488784957435633771 -0.000293248266448560231980 -0.000948949154720765209250 -0.297065816488259082372991
2459148.60000000 0.815827005174046160362877 -0.000573208888617993280422 -0.000811046888473363294415 -0.578295176586090975412446
2459148.70000000 -0.596504442648270960525281 0.000796760237215443233201 0.000593322662051497902100 0.802609159579977804455098
2459148.80000000 -0.318474363565969809108935 0.000941900261199623417552 0.000317202948468630935470 0.947930953159063616197955
2459148.90000000 -0.009100274861427767869593 0.000994343629604989417622 0.000009861698779018090798 0.999958097212374052986661
2459149.00000000 0.301169454645762668665299 0.000948927788223898603139 -0.000298453951753276515262 0.953570118055973359183497
2459149.10000000 0.581798313268366062978032 0.000810121195956715282188 -0.000577400509486760446336 0.813332486127204323800299
2459149.20000000 0.805167020986008785676802 0.000591583689521462839297 -0.000799524464329841311194 0.593047282352217264289607
2459149.30000000 0.949291795310584274325549 0.000314822246614768295331 -0.000942964257788678336322 0.314394813985511889509183
2459149.40000000 0.999987987037662895417611 0.000007074402374948888568 -0.000993601955371600396513 0.004799842197789132638985
2459149.50000000 0.952266113829219218445132 -0.000301372332137029468654 -0.000946452819679528649377 -0.305267525056289568130552
2459149.60000000 0.810822926963007728495825 -0.000580161147906866161462 -0.000806156132033533341999 -0.585290692422106073600219
2459149.70000000 -0.589579158350275078781522 0.000801854007597154957998 0.000586518375853185120437 0.807709990692697110681308
2459149.80000000 -0.310309454453729538503381 0.000944631796252477502589 0.000309154997267395144182 0.950635079602159316358723
2459149.90000000 -0.000499325130990459806028 0.000994441877450312266759 0.000001362980799635759246 0.999999380878589971821668
2459150.00000000 0.309359945999290508744650 0.000946381231695752472843 -0.000306565599024532034218 0.950944495851904436634072
2459150.10000000 0.588772244253457199825164 0.000805179122243466160146 -0.000584324869065691045698 0.808298369816027983958406
2459150.20000000 0.810238021707045508179590 0.000584731755659240268891 -0.000804577832005050255088 0.586100127045725116659014
2459150.30000000 0.951960782897188551032741 0.000306734732703135761379 -0.000945646897568548855731 0.306218352636058011029263
2459150.40000000 0.999992281730833654229684 -0.000001452140748698546423 -0.000993647457663123824523 -0.003801202577918610589491
2459150.50000000 0.949605292950222557024631 -0.000309497529333629440868 -0.000943854502028987872586 -0.313446647693829405501020
2459150.60000000 0.805758866507653603861172 -0.000587083843307426240035 -0.000801167769786165890299 -0.592242908363231013169070
2459150.70000000 -0.582610259334229829697449 0.000806890804605127852887 0.000579629715777607991238 0.812751068085797334639153
2459150.80000000 -0.302121590676378282136483 0.000947284618849661896531 0.000301043423707824113651 0.953268879420442361016796
2459150.90000000 0.008101658568391612719184 0.000994447169558365044045 -0.000007173104380764543998 0.999966686520842418239852
2459151.00000000 0.317527548671199144614263 0.000943736085777163182485 -0.000314685362578020057320 0.948248525529990948790271
2459151.10000000 0.595702616605016110895576 0.000800141749007474947959 -0.000591227850219433535665 0.803204458897121775784456
2459151.20000000 0.815249081705886502469127 0.000577796236925735427932 -0.000809582824806877408147 0.579109614411946527212649
2459151.30000000 0.954559346247074280711331 0.000298582525716999753942 -0.000948259134312664196675 0.298019237877478859743974
2459151.40000000 0.999922598926399452956559 -0.000010019178243276124793 -0.000993607469278037737023 -0.012401967575627790077442
2459151.50000000 0.946874222583852231949209 -0.000317636020799162406645 -0.000941163840273569977241 -0.321602580716992825227152
2459151.60000000 0.800635198462709363198542 -0.000593991673743483948426 -0.000796088917411771359277 -0.599151310103194445488839
2459151.70000000 -0.575598261167076352684546 0.000811886687295071494269 0.000572660512181052895782 0.817732018842893371157743
2459151.80000000 -0.293911376562364323739018 0.000949874992121210455324 0.000292868271461475370831 0.955832158222623684551422
2459151.90000000 0.016702044348188626460283 0.000994374914897140161144 -0.000015750476778872692595 0.999860016544667384863487
2459152.00000000 0.325671662621022373063084 0.000941006002644351842099 -0.000322820940231551554208 0.945482405156025440540191
2459152.10000000 0.602588922335877685831917 0.000795020258260248921869 -0.000598120388382534086229 0.798051126728321014169865
2459152.20000000 0.820199832810193596444037 0.000570785336000746951028 -0.000814552748822918457408 0.572076257998481829680770
2459152.30000000 0.957087293108420333886954 0.000290370538767539994318 -0.000950815524646954715084 0.289798076261411685639047
2459152.40000000 0.999778943757975158135309 -0.000018625220627200660795 -0.000993496520443603540335 -0.021001815055218732430919
2459152.50000000 0.944073103337967789450147 -0.000325789717903539886076 -0.000938394012990661011142 -0.329734724939874934701578
2459152.60000000 0.795452299217550229393225 -0.000600890705192792373007 -0.000790930548024318218203 -0.606015390091874106559544
2459152.70000000 -0.568543678964320453594894 0.000816851244629037027967 0.000565619030267190941313 0.822652477014670147070774
2459152.80000000 -0.285679419477860574438921 0.000952415053558122205735 0.000284634714038321389069 0.958324726371530988267011
2459152.90000000 0.025301195960615648072878 0.000994238588731325562131 -0.000024367331542245401435 0.999679378790263140075467
2459153.00000000 0.333791685346182309679364 0.000938204466699173113449 -0.000330974046929262768774 0.942646339313920278435432
2459153.10000000 0.609430648473494485095614 0.000789826837738090035620 -0.000605007728677677621316 0.792838757150439943366393
2459153.20000000 0.825089906217034152469125 0.000563708786493079543230 -0.000819496239610294674623 0.565000581695796144643396
2459153.30000000 0.959544436455681659658978 0.000282105159056258720639 -0.000953327771385209196166 0.281555475971294932868716
2459153.40000000 0.999561326838608099620842 -0.000027267756857824587143 -0.000993328855441564292222 -0.029600108826808139289577
2459153.50000000 0.941202143835021654005857 -0.000333960111911257232897 -0.000935561078692792851691 -0.337842474588514962707819
2459153.60000000 0.790210554819044674879081 -0.000607785454201871218685 -0.000785708933394840564751 -0.612834637002799387239804
2459153.70000000 -0.561447038206280280014937 0.000821791858438930935063 0.000558520299816162089750 0.827512076046097111436950
2459153.80000000 -0.277426326997080863190348 0.000954914732969071138047 0.000276355227190243823900 0.960746399865326949907285
2459153.90000000 0.033898474348414753265502 0.000994050180233519743711 -0.000033014776246904495511 0.999424786670201958926896
2459154.00000000 0.341887014754279627837263 0.000935344878938159729823 -0.000339140060430405778421 0.939740538263623470527364
2459154.10000000 0.616227291214349714998377 0.000784575503452330201559 -0.000611889791831584360128 0.787567733972290184851772
2459154.20000000 0.829918941831513601314896 0.000556580314444179015225 -0.000824417605086549798964 0.557883106522093386026029
2459154.30000000 0.961930595307488034428900 0.000273798854181989907014 -0.000955804025910300691406 0.273292043945432716611776
2459154.40000000 0.999269764143994265737092 -0.000035936543141049703321 -0.000993115600416948941798 -0.038196215745029300780988
2459154.50000000 0.938261555470795483024915 -0.000342140069368387662180 -0.000932678040542733819557 -0.345925232639931468092698
