2460888.50000000 0.904559899226242691838706 0.000548582319809352760703 -0.001120200832891020924220 0.426344734831941407637856
2460888.60000000 0.992143322522737736157694 0.000174654769157973666126 -0.001234563652568836577758 0.125100251484520169631409
2460888.70000000 0.982080746423006356593532 -0.000216469193694830659225 -0.001227418747994779048283 -0.188456504502170357762125
2460888.80000000 0.875362522806793164065198 -0.000586294394023547629953 -0.001099467163547926309292 -0.483465511795530378247321
2460888.90000000 -0.682491777969788993019051 0.000898421215922375732653 0.000863300027104798011618 0.730892208574813850852081
2460889.00000000 -0.422450705810150428654026 0.001122128154790408153044 0.000542159540093007383602 0.906385044035657894134772
2460889.10000000 -0.120832352998393816045919 0.001235395608985214712869 0.000167651640817234669038 0.992672145352702317566695
2460889.20000000 0.192678229077259483004170 0.001227073267001267415505 -0.000223364549452759181400 0.981261200923977616739080
2460889.30000000 0.487225563508595915784838 0.001097977766851018863875 -0.000592404370278305889182 0.873275268037039031909785
2460889.40000000 0.733820525959862246523357 0.000860812565596156468832 -0.000903145337542207238615 0.679342239971557848576822
2460889.50000000 0.908193424305474450441977 0.000538917891355498502627 -0.001125002116231697824045 0.418548859735182021690747
2460889.60000000 0.993182609075315636637526 0.000163973772781177140612 -0.001236136925766313310673 0.116562215610805527954419
2460889.70000000 0.980423508645313801501686 -0.000227117797329827881539 -0.001225609050997326053556 -0.196896394063507784721878
2460889.80000000 0.871171864806287166160814 -0.000595864720650684728809 -0.001094451893561849487382 -0.490976607477145610136660
2460889.90000000 -0.676180141143828072891608 0.000905973241554131861371 0.000855571528591490414357 0.736735273983755600823997
2460890.00000000 -0.414639276702418069220357 0.001126920098551282591048 0.000532476735458919827985 0.909985009071520356549456
2460890.10000000 -0.112289926598110642586015 0.001236956831501183871891 0.000156965456649290388113 0.993674704158198029979587
2460890.20000000 0.201110913591220435980844 0.001225250517276829653746 -0.000234004628757297127245 0.979567682417681107054364
2460890.30000000 0.494718567676164899804547 0.001092950231374493650846 -0.000601953433777009552612 0.869052347046966100485577
2460890.40000000 0.739636393943092218528079 0.000853074241476736608129 -0.000910665724345860916507 0.673005533191594507158584
2460890.50000000 0.911759762747633373258793 0.000529229018678083478096 -0.001129755543189048076769 0.410722021083628485715877
2460890.60000000 0.994148421628651357551121 0.000153286103390014061569 -0.001237657010020230168371 0.108015556663874259801794
2460890.70000000 0.978693740764886577210291 -0.000237754544956057670482 -0.001223747099917423149240 -0.205321717563152678076577
2460890.80000000 0.866916758954083710442262 -0.000605406021788295299613 -0.001089391464032779532900 -0.498451381534722015587136
2460890.90000000 -0.669818481629681494737838 0.000913482398049695601058 0.000847810329032107714599 0.742523836946824111748811
2460891.00000000 -0.406797173266600975427565 0.001131660254817587430917 0.000522777655409877722859 0.913517654930915190547580
2460891.10000000 -0.103739193167402168893609 0.001238463329906804325994 0.000146281543842038247710 0.994603752562253751179355
2460891.20000000 0.209528720270858170859896 0.001223376484295913895969 -0.000244623863200953280909 0.977801697119838886251841
2460891.30000000 0.502174973403498703383718 0.001087880919307961840106 -0.000611465166944099008245 0.864765135000357676453575
2460891.40000000 0.745397544866391870144184 0.000845308723675427544329 -0.000918136287315895419786 0.666619038571095168244085
2460891.50000000 0.915258650729141920443510 0.000519531046636660296355 -0.001134452128287638311352 0.402864797880029545940062
2460891.60000000 0.995040688739477485746932 0.000142608965533657598007 -0.001239119607250570905682 0.099460906882040081566920
2460891.70000000 0.976891570745283654986224 -0.000248361768023920234400 -0.001221833596941036825800 -0.213731851733762301392971
2460891.80000000 0.862597520032970188630372 -0.000614901583690907944414 -0.001084291484729212311916 -0.505889281009710978231908
2460891.90000000 -0.663407270034729101837456 0.000920934253502941175228 0.000840026460819954905179 0.748257469257804896933806
2460892.00000000 -0.398924975623843103278432 0.001136337603532580316570 0.000513075922716849639783 0.916982720291419917124642
2460892.10000000 -0.095180785241435139631960 0.001239908341962297523564 0.000135616007993705900555 0.995459221844911423815461
2460892.20000000 0.217931026399552307815100 0.001221449163150498638808 -0.000255204954675153524151 0.975963375677820543785401
2460892.30000000 0.509594229094047390660194 0.001082772702718743512706 -0.000620922447430265786288 0.860413949057175497792116
2460892.40000000 0.751103552553345932274453 0.000837523498313255850001 -0.000925541417504079371066 0.660183228557499113264839
2460892.50000000 0.918689829420647918745146 0.000509835457269587470110 -0.001139078979474735875757 0.394977771381549103146824
2460892.60000000 0.995859344410336189135080 0.000131956917861891982226 -0.001240515521209499582092 0.090898899107083055981526
2460892.70000000 0.975017131915803414443644 -0.000258922975772967714665 -0.001219863724904532951976 -0.222126174418283084399661
2460892.80000000 0.858214467570676098340243 -0.000624334262175836422759 -0.001079151858506930024284 -0.513289755683771331540299
2460892.90000000 -0.656946980651143319640539 0.000928312324162193654685 0.000832224525687275400350 0.753935746765799663648977
2460893.00000000 -0.391023266141578007548674 0.001140937571398998933922 0.000503380462452719884894 0.920379948828271787775179
2460893.10000000 -0.086615335959224493134201 0.001241280298955853332935 0.000124981401392926819117 0.996241048732278589028510
2460893.20000000 0.226317210400236168421628 0.001219460849551246310260 -0.000265732684016776511422 0.974052854098619858014274
2460893.30000000 0.516975785908023843795434 0.001077622307593903558040 -0.000630308539331173359709 0.855999111112631605458034
2460893.40000000 0.756753994899785786820701 0.000829719956312786584632 -0.000932864115747545274634 0.653698579264132551003286
2460893.50000000 0.922053045012824701309739 0.000500148196978907316063 -0.001143620099125447356694 0.387061525040942100428509
2460893.60000000 0.996604328095602731707459 0.000121340020529297202461 -0.001241830940633164214945 0.082330166726890363637636
2460893.70000000 0.973070562957502716017189 -0.000269424733433575578669 -0.001217826879762987698358 -0.230504064634891925322790
2460893.80000000 0.853767925827366380708838 -0.000633688229181512616139 -0.001073965974100632263244 -0.520652258099660758539073
2460893.90000000 -0.650438091404388352145816 0.000935599540907027567987 0.000824402401411110526651 0.759558249421198428130708
2460894.00000000 -0.383092629363672831921406 0.001145443089121922844442 0.000493693815012275351133 0.923709089244751369029984
2460894.10000000 -0.078043478960709122826955 0.001242563373395329110252 0.000114384767112250709635 0.996949175406524279452469
2460894.20000000 0.234686651907269783201571 0.001217398113986778744253 -0.000276195986918543817060 0.972070273732201894922866
2460894.30000000 0.524319097785195142868986 0.001072419692267566858346 -0.000639609126091982525819 0.851520947783089177107740
2460894.40000000 0.762348453918145319008204 0.000821892198498170656676 -0.000940087816605787262962 0.647165570419292346393547
2460894.50000000 0.925348048719661253613822 0.000490467975782496218469 -0.001148057841550519228221 0.379116644497004384728456
2460894.60000000 0.997275584703510187267739 0.000110761738152199105956 -0.001243048393474689965882 0.073755343646765628151662
2460894.70000000 0.971052007892389212884154 -0.000279859009418494987520 -0.001215707016326534641026 -0.238864902618984714655070
2460894.80000000 0.849258223765447461950373 -0.000642951396194934828368 -0.001068720379633500416894 -0.527976243610002948791760
2460894.90000000 -0.643881083815297294847824 0.000942780558699100055056 0.000816550228402658745223 0.765124561306712136499186
2460895.00000000 -0.375133651999719097691610 0.001149836594110128281526 0.000484010474537953957856 0.926969895275255195699060
2460895.10000000 -0.069465848388178208505650 0.001243738994703086917296 0.000103825421946832335395 0.997583549503978761485712
2460895.20000000 0.243038731752399289609556 0.001215242677901906759655 -0.000286590583574771980754 0.970015781273113275595676
2460895.30000000 0.531623621487435915611286 0.001067148173504282523960 -0.000648815167968550595562 0.846979790378586394616889
2460895.40000000 0.767886515752787435218352 0.000814026354822018909270 -0.000947199259147411343554 0.640584685345437776504696
2460895.50000000 0.928574596806073793153757 0.000480784784533630602139 -0.001152375569091219648793 0.371143717503845838034948
2460895.60000000 0.997873064599772763294538 0.000100216724904306209425 -0.001244148964575007149103 0.065175064218391878800851
2460895.70000000 0.968961616074707543511124 -0.000290225989833157462482 -0.001213484226973761100424 -0.247208069848918271516069
2460895.80000000 0.844685695036168415761324 -0.000652118641143334203635 -0.001063395562707646069267 -0.535261170394354945933912
2460895.90000000 -0.637276442988766844699455 0.000949845166715714310166 0.000808650287374012232376 0.770634270643262841993248
2460896.00000000 -0.367146922862223834549411 0.001154103369934553766432 0.000474315826910161005871 0.930162125708366871457144
2460896.10000000 -0.060883078801420027759139 0.001244788858892601499453 0.000093292989591947395609 0.998144124118569897596842
2460896.20000000 0.251372832058902428986613 0.001212973850031964524049 -0.000296921744028529445772 0.967889528734676485299815
2460896.30000000 0.538888816647655866098887 0.001061786081157123232468 -0.000657926294650290253117 0.842375974868056820454854
2460896.40000000 0.773367770716855473800422 0.000806101301170077198105 -0.000954192282722759349024 0.633956410909804923825561
2460896.50000000 0.931732450585269655896070 0.000471079582832093087755 -0.001156561590071734924035 0.363143333926542133394122
2460896.60000000 0.998396723604374258798089 0.000089689465145215396249 -0.001245116097201040073275 0.056589963221469793963614
2460896.70000000 0.966799542178244597501191 -0.000300536428525003036262 -0.001211138130665004915970 -0.255532949080640836569955
2460896.80000000 0.840050677931531986075697 -0.000661195021047776315855 -0.001057968673104076441985 -0.542506499527621421918866
2460896.90000000 -0.630624657559631596193128 0.000956792172420697223378 0.000800678842215019385097 0.776086969829639983231573
2460897.00000000 -0.359133032823211240103234 0.001158235860327283886506 0.000464586954238995668634 0.933285544398635757978866
2460897.10000000 -0.052295805172216373868377 0.001245699396310309290878 0.000082767073990376300967 0.998630857796647175561588
2460897.20000000 0.259688336260212759842858 0.001210572854523005127333 -0.000307205766564781009194 0.965691673438272890628298
2460897.30000000 0.546114145775884685107826 0.001056310654353153667684 -0.000666953381607171720546 0.837709841868871651904271
2460897.40000000 0.778791813304332780631967 0.000798091850278823274588 -0.000961071375495047030592 0.627281237501001509571097
2460897.50000000 0.934821376452447561078429 0.000461326547090006185668 -0.001160613487883232304229 0.355116085641447087883904
2460897.60000000 0.998846522990306628919654 0.000079155392069935000049 -0.001245940454795410167604 0.048000675793517917633313
2460897.70000000 0.964565946166166532371733 -0.000310811781169332700288 -0.001208652976156098174734 -0.263838924441060107550783
2460897.80000000 0.835353515369674393120647 -0.000670197208750144862895 -0.001052418548304848416181 -0.549711694991048216429874
2460897.90000000 -0.623926219645695279147901 0.000963632111453048252961 0.000792610758116249372422 0.781482255473151421476530
2460898.00000000 -0.351092574766441734013256 0.001162237540347078922423 0.000454796524718064395891 0.936339920278686177468330
2460898.10000000 -0.043704662816153282134390 0.001246466611793973881805 0.000072220128837116034448 0.999043714535564064682660
2460898.20000000 0.267984629167436039232086 0.001208028373914628956706 -0.000317468371583103591525 0.963422377989477274340402
2460898.30000000 0.553299074325835138488117 0.001050703958974711542743 -0.000675918382346193404552 0.832981736597631305940581
2460898.40000000 0.784158242243890746259183 0.000789974670067773547533 -0.000967853035437835898178 0.620559658953859338836878
2460898.50000000 0.937841145881456728083947 0.000451498592462796697038 -0.001164541003786334584166 0.347062566527468807642265
2460898.60000000 0.999222429479553753139953 0.000068585617541831996676 -0.001246624214389909683989 0.039407837402122621039968
2460898.70000000 0.962260993284912102829765 -0.000321080633308909717955 -0.001206023130053149750723 -0.272125381428114487825098
2460898.80000000 0.830594554862066125622277 -0.000679151386424889716431 -0.001046732082959417418216 -0.556876223714323104196922
2460898.90000000 -0.617181624810709594797231 0.000970386828886073875625 0.000784426357671012125516 0.786819728413150842882828
2460899.00000000 -0.343026143554079399056178 0.001166124299939175429711 0.000444919682408646246976 0.939325027367320042337440
2460899.10000000 -0.035110287318092403552328 0.001247099261275850124592 0.000061623899956695770558 0.999382663783008218238990
2460899.20000000 0.276261096985411569448843 0.001205341378387494045282 -0.000327739180832907418990 0.961081810269673542101998
2460899.30000000 0.560443070732649761822586 0.001044959100836926517777 -0.000684850160175689420816 0.828192008840938131974951
2460899.40000000 0.789466660497290084741451 0.000781735497366706829497 -0.000974563306118495149312 0.613792172545948200301780
2460899.50000000 0.940791535447497939692596 0.000441575112724679023912 -0.001168365517716533474174 0.338983372399568494426347
2460899.60000000 0.999524415245147790365365 0.000057954665755836691184 -0.001247182598702705142238 0.030812083754928044215804
2460899.70000000 0.959884854041858637252460 -0.000331371524210681707955 -0.001203256617989635797461 -0.280391706987007882645457
2460899.80000000 0.825774148461145940380845 -0.000688087154863266294708 -0.001040909586212744597500 -0.563999555652362150048873
2460899.90000000 -0.610391372013378452621168 0.000977084936304228185433 0.000776118261012404627060 0.792098993760593783619584
2460900.00000000 -0.334934335940776761741944 0.001169921807929457475625 0.000434941918509283980288 0.942240644801534465990756
2460900.10000000 -0.026513314497125888696827 0.001247618348190390833580 0.000050957790441148942883 0.999647680438358388066433
2460900.20000000 0.284517127406540282219538 0.001202526826756202329993 -0.000338043441497655873604 0.958670143411077479989046
2460900.30000000 0.567545606470826080602876 0.001039084042575266677438 -0.000693776885548534464655 0.823341012918181180957333
2460900.40000000 0.794716675319676602029517 0.000773374826608648892161 -0.000981231387922917907066 0.606979278925262821786646
2460900.50000000 0.943672326853262855017590 0.000431549159450985602478 -0.001172115329028390086352 0.330879100944646786786052
2460900.60000000 0.999752457914996672805330 0.000047248653217723508922 -0.001247641162866460406641 0.022214050771292286057257
2460900.70000000 0.957437704194097793930496 -0.000341704327005132410967 -0.001200374610004019231002 -0.288637289562707066714609
2460900.80000000 0.820892652757121421558395 -0.000697029063341565225699 -0.001034966501698910508120 -0.571081163796957169687118
2460900.90000000 -0.603555963583055854471127 0.000983754066379585734303 0.000767695219087835751572 0.797319660923252904183300
2460901.00000000 -0.326817750540018492344529 0.001173659010007602459397 0.000424864750897629831795 0.945086556853945491951663
2460901.10000000 -0.017914380359446858276273 0.001248052291483295545352 0.000040215995841070542247 0.999838744860460981733752
2460901.20000000 0.292752109654779102410060 0.001199610811178949357908 -0.000348393918996768667956 0.956187555790115828457942
2460901.30000000 0.574606156073736107359196 0.001033100893815577445145 -0.000702717497432781544077 0.818429107676596601095298
2460901.40000000 0.799907898291695063086593 0.000764909368865439309726 -0.000987881226987212144805 0.600121482080387180779724
2460901.50000000 0.946483306945853919422973 0.000421430951239848590462 -0.001175817912196355135082 0.322750351697165982489679
2460901.60000000 0.999906540582250369375572 0.000036470599908631432928 -0.001248029201702736436241 0.013614374517279462586949
2460901.70000000 0.954919724740242892302433 -0.000352083492573729793778 -0.001197406380469763801863 -0.296861519158028996923093
2460901.80000000 0.815950428838658092800529 -0.000705988848063269299089 -0.001028930215329264133764 -0.578120524250651413034063
2460901.90000000 -0.596675905157062591577244 0.000990412597671667992508 0.000759180944374646007704 0.802481343665783830587657
2460902.00000000 -0.318676987780343423661833 0.001177359852637546722143 0.000414706626538030045069 0.947862552958524839930021
2460902.10000000 -0.009314121025548098217750 0.001248429151583597138467 0.000029410402065701554886 0.999955842879502676545656
2460902.20000000 0.300965434513870699895222 0.001196623749770594959813 -0.000358786196136040883790 0.953634231029676593394129
2460902.30000000 0.581624197204793969007142 0.001027040471691052650818 -0.000711675494627987161034 0.813456656455164184293949
2460902.40000000 0.805039945369752540926811 0.000756368297817157754850 -0.000994524177300588592757 0.593219289291228246696619
2460902.50000000 0.949224267751158201633643 0.000411246023311661885579 -0.001179491890080879836974 0.314597725973158437451360
2460902.60000000 0.999986651816821336957730 0.000025640591032777127595 -0.001248371511918184998194 0.005013691151712074134394
2460902.70000000 0.952331101918757361168844 -0.000362495881957952529630 -0.001194381348906969723955 -0.305063787375283446134944
2460902.80000000 0.810947842289138964844142 -0.000714961379624353397279 -0.001022832850438493276432 -0.585117116250454816217541
2460902.90000000 -0.589751705670407133652589 0.000997063947259894728034 0.000750608096701116237794 0.807583660130196334669961
2460903.00000000 -0.310512649872546675489104 0.001181036249544155196378 0.000404498470870654305322 0.950568427733169629689769
2460903.10000000 -0.000713172682889799593869 0.001248768682325038193934 0.000018567985998317244504 0.999998965807658124482771
2460903.20000000 0.309156494409340731888136 0.001193591997950539619275 -0.000369199237471786660507 0.951010357984711562906455
2460903.30000000 0.588599210707861586477918 0.001020933983149288236045 -0.000720637399193678864287 0.808424027060733241256685
2460903.40000000 0.810112436891454512633004 0.000747785523557622654363 -0.001001155423893417212647 0.586273211137852356955591
2460903.50000000 0.951895006490799611142961 0.000401028591175488983815 -0.001183141606041280494838 0.306421826849047174157192
2460903.60000000 0.999992785674779893767550 0.000014790675038225535213 -0.001248681424776387207873 -0.003587363096002776571836
2460903.70000000 0.949672027206590718684254 -0.000372913974416791340217 -0.001191320993419871807420 -0.313243487450894420032199
2460903.80000000 0.805885263148987229797626 -0.000723925730082296205355 -0.001016702568504179466508 -0.592070422235546622857782
2460903.90000000 -0.582783877322618604210902 0.001003695384097999694639 0.000742009534443520109639 0.812626232870756415316293
2460904.00000000 -0.302325340743668569132296 0.001184684677270324759321 0.000394275473336261545517 0.953203981009788869904753
2460904.10000000 0.007887828416238976819708 0.001249076897390557919568 0.000007723700316658774936 0.999968110446417091097260
2460904.20000000 0.317324683415421249232935 0.001190530720616924395885 -0.000379600900441774918945 0.948316130746850061150610
2460904.30000000 0.595530680614928420446574 0.001014804665638100854980 -0.000729576257608930615721 0.803331591770022557241759
2460904.40000000 0.815124997627285963197608 0.000739190663500386281430 -0.001007755200589688674914 0.579283761440983480106581
2460904.50000000 0.954495325600093647011590 0.000390812474499511227494 -0.001186755942033907535935 0.298223259124996420421638
2460904.60000000 0.999924941703632663703161 0.000003956379215422572481 -0.001248957279450393790046 -0.012188151980565817278368
2460904.70000000 0.946942697303856495416596 -0.000383303152894958832145 -0.001188233205868083992504 -0.321400014317131055285870
2460904.80000000 0.800763065919805838710488 -0.000732850730805660079137 -0.001010556191396047576170 -0.598979927847472004565077
2460904.90000000 -0.575772935553619635840050 0.001010281451420157357302 0.000733409721407885764784 0.817608688875686162589318
2460905.00000000 -0.294115666044890644581500 0.001188287208193814295520 0.000384067891371743432710 0.955769017834307232917013
2460905.10000000 0.016488246025824472573706 0.001249344635654606747513 -0.000003088664389215550043 0.999863279089239664898514
2460905.20000000 0.325469397313191355358697 0.001187440094614194844094 -0.000389956355827748943777 0.945551748627362353971648
2460905.30000000 0.602418094179889451744714 0.001008661907433535103590 -0.000738458737613944637794 0.798179727307061548380318
2460905.40000000 0.820077256795572528957905 0.000730601515582481216005 -0.001014294056997557934990 0.572251457241591321434271
2460905.50000000 0.957025032742349845982233 0.000380622478330485520225 -0.001190311388303684015169 0.290002629280242563147851
2460905.60000000 0.999783124941713841060675 -0.000006832369333633901290 -0.001249183094056021282175 -0.020788039261824271808354
2460905.70000000 0.944143314133426003742500 -0.000393630584517216431956 -0.001185110542731784063347 -0.329532764599707650443605
2460905.80000000 0.795581629532189138487297 -0.000741703019436405633705 -0.001004395189357977589278 -0.605845121972021449785473
2460905.90000000 -0.568719399007587500527450 0.001016790616639316920111 0.000724818772929917021913 0.822530659590586021856495
2460906.00000000 -0.285884233095371698141207 0.001191816312633422894965 0.000373893611420036758256 0.958263348482314758491896
2460906.10000000 0.025087443934305880127722 0.001249550208501220942281 -0.000013844848649106786888 0.999684479517959023731066
2460906.20000000 0.333590033595192070325908 0.001184305656910333718126 -0.000400236777728537273212 0.942717416151946152602648
2460906.30000000 0.609260941923948529108657 0.001002499320505961842923 -0.000747253522568431258546 0.792968814804641208837666
2460906.40000000 0.824968848072391347514554 0.000722020040618199642618 -0.001020740378237666029504 0.565176818779524414715354
2460906.50000000 0.959483940807891899638093 0.000370468611429515353155 -0.001193778187718912186036 0.281760545460197353584419
2460906.60000000 0.999567345912374061178696 -0.000017558349816979366135 -0.001249332944635349676443 -0.029386388758116457897707
2460906.70000000 0.941274084812454892023936 -0.000403873133797599532906 -0.001181932582576908493874 -0.337641136685010778695215
2460906.80000000 0.790341337317346126489781 -0.000750455204118352561110 -0.000998205906882747772899 -0.612665496767059725158333
2460906.90000000 -0.561623789497971426243339 0.001023193131540612752992 0.000716230587431218135124 0.827391780935122223006317
2460907.00000000 -0.277631650846926814057980 0.001195241898076880105242 0.000363754362003972195761 0.960686788462922547360279
2460907.10000000 0.033684786002626726508780 0.001249665171842946837302 -0.000024535532735064553042 0.999431724995047510162749
2460907.20000000 0.341685991530670363225397 0.001181102459822773670731 -0.000410425980623103784425 0.939813343030840520064828
2460907.30000000 0.616058717658093613067649 0.000996297044392576358271 -0.000755938716272649101346 0.787699239777317261612666
2460907.40000000 0.829799409614911720467489 0.000713432705284370249042 -0.001027068061383056745209 0.558060369446902071466354
2460907.50000000 0.961871867928940083025680 0.000360344485891129487007 -0.001197127784135801733048 0.273497617399927173131857
2460907.60000000 0.999277620614890449424195 -0.000028220452504745893746 -0.001249377712888023002000 -0.037982564379361337392194
2460907.70000000 0.938335221639567063078857 -0.000414022323929054371014 -0.001178671555352594265548 -0.345724530730914081377847
2460907.80000000 0.785042576975921724269369 -0.000759092042591522271101 -0.000991963733687240955400 -0.619440547689335319070381
2460907.90000000 -0.554486631979751454224470 0.001029468021825073612355 0.000707625315179300547891 0.832191693311857383363872
2460908.00000000 -0.269358529818818526191393 0.001198538658750133512401 0.000353636344389676986893 0.963039158528816052751154
2460908.10000000 0.042279636193725961268441 0.001249661569156099421435 -0.000035167565802806988228 0.999105034254249013692117
2460908.20000000 0.349756672201531337851321 0.001177801752278747780475 -0.000420523416466568762933 0.936839744136212515535078
2460908.30000000 0.622810918494275278511907 0.000990027448118762027143 -0.000764506408831064571477 0.782371392101828933007823
2460908.40000000 0.834568584085206510714272 0.000704814848901307651648 -0.001033262355954226016305 0.550902635737431145557252
2460908.50000000 0.964188637473828324964131 0.000350230075704414023276 -0.001200339565636289896472 0.265214456411808019442589
2460908.60000000 0.998913970514646809562009 -0.000038832702710372635148 -0.001249292304455409821987 -0.046575930168651052953877
2460908.70000000 0.935326942060789146005106 -0.000424085207640730662160 -0.001175299577193342475540 -0.353782348736419505197404
2460908.80000000 0.779685740536290028401822 -0.000767613109371769668059 -0.000985639894047749855199 -0.626169773534239193502060
2460908.90000000 -0.547308454479369821399359 0.001035607386974948850369 0.000698975264660900083569 0.836930041643761502001553
2460909.00000000 -0.261065482077594446241875 0.001201691739593599211541 0.000343514870439048155409 0.965320284673288231402921
2460909.10000000 0.050871358653838599783725 0.001249518601096715614274 -0.000045760905610269482567 0.998704431489902844099049
2460909.20000000 0.357801478528189498273804 0.001174378227401155208240 -0.000430542903002767516490 0.933796839484494989314101
2460909.30000000 0.629517044905008593680407 0.000983662484740279981568 -0.000772963291496793383599 0.776985665961321014805208
2460909.40000000 0.839276018674272150654758 0.000696137660215517014954 -0.001039322340761005426107 0.543704147196984899359506
2460909.50000000 0.966434078063014956327947 0.000340097848661178366741 -0.001203405055354999720132 0.256911675304656639262646
2460909.60000000 0.998476422533183138874335 -0.000049419391573475239369 -0.001249061288858021364495 -0.055165850384173403808674
2460909.70000000 0.932249468651603407920447 -0.000434081099829112160206 -0.001171795372755404015391 -0.361813994571254182730513
2460909.80000000 0.774271224327242602036847 -0.000776031365726418060139 -0.000979208805406039028627 -0.632852676460840757322046
2460909.90000000 -0.540089788061233644356207 0.001041616920326925545617 0.000690252400831582691929 0.841606475389357400196388
2460910.00000000 -0.252753121175292971845039 0.001204699185627319986402 0.000333361486915875900559 0.967529998142573677277767
2460910.10000000 0.059459317745355372286653 0.001249226848080415555250 -0.000056342362533787133147 0.998229946350403407606677
2460910.20000000 0.365819815341567933231204 0.001170815735186236288337 -0.000440507675609441901911 0.930684854204989697734618
2460910.30000000 0.636176600771000577694281 0.000977180501881440505621 -0.000781327367619944206274 0.771542459801587421353020
2460910.40000000 0.843921365114482346925229 0.000687375611158589500116 -0.001045259529782955340918 0.536465436398382178317945
2460910.50000000 0.968608023577758436850615 0.000329920299976631844607 -0.001206328513257016966584 0.248589888339274311945815
2460910.60000000 0.997965009044650352976191 -0.000060007976018982360478 -0.001248681453694326214804 -0.063751689513554310462240
2460910.70000000 0.929103029091229992708634 -0.000444035414772145625023 -0.001168148595587980556262 -0.369818874037694977907620
2460910.80000000 0.768799428918012339728705 -0.000784368369224688064337 -0.000972653848831710947202 -0.639488762063496696264053
2460910.90000000 -0.532831166778848785980927 0.001047512823930287287344 0.000681435143342494649941 0.846220648573193123809233
2460911.00000000 -0.244422062065215245363348 0.001207570767307409708574 0.000323151305055258055311 0.969668135457433466584121
2460911.10000000 0.068042878122852951117139 0.001248789067794826108601 -0.000066938270406566362193 0.997681613933795174986585
2460911.20000000 0.373811089420448994236068 0.001167109966501184582094 -0.000450443584250034281206 0.927504018525417195384364
2460911.30000000 0.642789093396060273732928 0.000970570587376826891118 -0.000789622154557881273870 0.766042176319338241619050
2460911.40000000 0.848504279725457499772290 0.000678512119623323221515 -0.001051093474378895446103 0.529187038872753090501533
2460911.50000000 0.970710313177636119341685 0.000319676497440133321713 -0.001209124221081970661923 0.240249711166866108946749
2460911.60000000 0.997379767872700551123444 -0.000070622140462912950509 -0.001248160922778669777028 -0.072332812365300758195019
2460911.70000000 0.925887856146551890823559 -0.000453972838529681965887 -0.001164360789977836752734 -0.377796394917355615739041
2460911.80000000 0.763270759117166353036055 -0.000792648035985361247395 -0.000965970049085003771260 -0.646077539376710308083318
2460911.90000000 -0.525533127632260566031164 0.001053316579143460506723 0.000672512518144554823953 0.850772219816604224895684
2460912.00000000 -0.236072921093661985958434 0.001210324087739166011232 0.000312868280275174000683 0.971734538418276283522346
2460912.10000000 0.076621404740972509639363 0.001248217856807617509932 -0.000077568488418293561680 0.997059474790989108683448
2460912.20000000 0.381774709565941894329200 0.001163267765822954260754 -0.000460372818627798703270 0.924254567746574884345989
2460912.30000000 0.649354033565027854990603 0.000963833508844299472612 -0.000797870570885280349337 0.760485222420362871886823
2460912.40000000 0.853024423448127677716002 0.000669541979884062839201 -0.001056846216991781705133 0.521869493063279343836314
2460912.50000000 0.972740791312064811968696 0.000309355772235143380248 -0.001211811845924625841500 0.231891760802897806126310
2460912.60000000 0.996720742293394801336603 -0.000081277147760492333061 -0.001247515692210805640996 -0.080908584095744112696380
2460912.70000000 0.922604187658942476168988 -0.000463912069563777345379 -0.001160443269331486951940 -0.385745967018173818718907
2460912.80000000 0.757685623917318973319368 -0.000800891138010909097236 -0.000959163368109837714999 -0.652618520950361546972829
2460912.90000000 -0.518196210512057109376371 0.001059049561658239940395 0.000663484844757591778197 0.855260852379177149984457
2460913.00000000 -0.227706315914000312350396 0.001212979648456007737353 0.000302507186164869146944 0.973729054132761673301388
2460913.10000000 0.085194262984156637896760 0.001247531454182771760986 -0.000088243320202145399470 0.996363574922640715669786
2460913.20000000 0.389710086616456063968172 0.001159303900542317349032 -0.000470309957031556894087 0.920936742242373762579177
2460913.30000000 0.655870935593212411873765 0.000956979608333390877224 -0.000806090392111542103880 0.754872009185520664864555
2460913.40000000 0.857481461864311955700657 0.000660470469596360736098 -0.001062537453222854979054 0.514513340304690758308936
2460913.50000000 0.974699307744390841534710 0.000298958051444605133352 -0.001214411613910059816596 0.223516655555589083270718
2460913.60000000 0.995987981035687308661863 -0.000091978339382314046628 -0.001246765110281843709147 -0.089478370284951674884510
2460913.70000000 0.919252266524501204791875 -0.000473863276242959374340 -0.001156413171384008779785 -0.393667002238350494103258
2460913.80000000 0.752044436474415434190632 -0.000809111901393836036381 -0.000952247565282037682945 -0.659111222882581282433989
2460913.90000000 -0.510820958184058149242901 0.001064729012308307737680 0.000654361579749815325778 0.859686214174977481050632
2460914.00000000 -0.219322865485309326238905 0.001215556460439801101867 0.000292072557712454009861 0.975651535022141636055437
2460914.10000000 0.093760818636387896485296 0.001246749280900026233751 -0.000098963423508537058182 0.995593965786633283698848
2460914.20000000 0.397616633519617401759660 0.001155236820342436148204 -0.000480260755019306013504 0.917550787436646975159249
2460914.30000000 0.662339317364990187719798 0.000950025058265327741920 -0.000814292017324798811026 0.749202951844665787639599
2460914.40000000 0.861875065228451586740732 0.000651310345152758042066 -0.001068181443873011775281 0.507119124782553609698255
2460914.50000000 0.976585717567924671556057 0.000288491784497236797985 -0.001216940593306422777053 0.215125014979803907966271
2460914.60000000 0.995181538284577116293406 -0.000102722152135707863949 -0.001245927800713774336733 -0.098041536958921524091970
2460914.70000000 0.915832340693612301230075 -0.000483828007417030751553 -0.001152289314920406293127 -0.401558914580463888199802
2460914.80000000 0.746347614102739087549310 -0.000817316842527792222252 -0.000945240283348469548068 -0.665555164833473877905590
2460914.90000000 -0.503407916232829544256333 0.001070365910011262947435 0.000645157907068075967688 0.864047977812430256783216
2460915.00000000 -0.210923189971350677485162 0.001218069135482352993369 0.000281576018974156788623 0.977501838849663240438304
2460915.10000000 0.102320437968268146411432 0.001245888487138581976824 -0.000109721572991627780067 0.994750704295646936969888
2460915.20000000 0.405493765366643610370545 0.001151084933841579503386 -0.000490222900611011558683 0.914096953792839839181283
2460915.30000000 0.668758700350448154203775 0.000942988153671045037200 -0.000822478199682884019393 0.743478469767555050218277
2460915.40000000 0.866204908497756997931560 0.000642078424565596141138 -0.001073785783872418424581 0.499687393490488074299094
2460915.50000000 0.978399881212009603359547 0.000277971058301256792548 -0.001219410637403475685531 0.206717459866726238626455
2460915.60000000 0.994301473681272307558743 -0.000113498281613806889338 -0.001245018973449550430885 -0.106597450629905513008744
2460915.70000000 0.912344663140143397050963 -0.000493800510740930744501 -0.001148089112019571060228 -0.409421120231636903596950
2460915.80000000 0.740595578211663441159374 -0.000825505189761919534741 -0.000938159813992249188609 -0.671949870101963164792380
2460915.90000000 -0.495957633041640866267130 0.001075964517300961398663 0.000635891605515558457420 0.868345820609218388419492
2460916.00000000 -0.202507910746149683012263 0.001220526641952255015103 0.000271033477721813610261 0.979279828721310030559266
2460916.10000000 0.110872487758942817048791 0.001244962058660247080852 -0.000120504952648893334387 0.993833852817371687926595
2460916.20000000 0.413340899435332476130611 0.001146864244856007474666 -0.000500187658922819004641 0.910575496797647376823193
2460916.30000000 0.675128609658417921934870 0.000935886679651653998098 -0.000830644965392087950527 0.737698986420016189491378
2460916.40000000 0.870470671365117465434480 0.000632792892694220379148 -0.001079351575694225892632 0.492218696176846881584765
2460916.50000000 0.980141664460322914464996 0.000267413036676092483873 -0.001221827846833674997493 0.198294612169790357425470
2460916.60000000 0.993347852316038282260990 -0.000124291934936207181406 -0.001244049257530796060225 -0.115145478381578666993157
2460916.70000000 0.908789491860719111926414 -0.000503769536323893005712 -0.001143826890915400611853 -0.417253037567630435944466
2460916.80000000 0.734788754313236314175128 -0.000833670135759147961155 -0.000931023057117798887201 -0.678294865618436215726206
2460916.90000000 -0.488470659753162450567032 0.001081523021455111158162 0.000626580806915078979309 0.872579424616637178147016
2460917.00000000 -0.194077650351216046686886 0.001222932317828049611150 0.000260462850520799555493 0.980985373096582180529879
2460917.10000000 0.119416335381211463628759 0.001243978226963256966675 -0.000131297300387785392372 0.992843479166258036094916
2460917.20000000 0.421157455216876086545597 0.001142587224082612521250 -0.000510141736428854617770 0.906986676949924963686556
2460917.30000000 0.681448574067995860303881 0.000928736343766073000824 -0.000838783069975636026011 0.731864929335880542993209
2460917.40000000 0.874672038252974459737743 0.000623471422535577064414 -0.001084874379421307084501 0.484713585356239651247279
2460917.50000000 0.981810938456559534337487 0.000256835920044930991323 -0.001224192951498348242573 0.189857094978349766334347
2460917.60000000 0.992320744729955683816058 -0.000135085870645753908931 -0.001243024494129583079269 -0.123684987852806155261831
2460917.70000000 0.905167089847422445814118 -0.000513720212910898500584 -0.001139513123741104153042 -0.425054087214919995574292
2460917.80000000 0.728927571962208920020032 -0.000841800396886011330529 -0.000923844251683274319056 -0.684589682011434441655240
2460917.90000000 -0.480947550211366758876608 0.001087034647087433726631 0.000617242340190976568337 0.876748476652684849419472
2460918.00000000 -0.185633032407893749926586 0.001225284441609307811011 0.000249882165057501023312 0.982618345806565818278955
2460918.10000000 0.127951348787303714749086 0.001242940448820845176364 -0.000142080878013244922163 0.991779656604843906642088
2460918.20000000 0.428942854473998658182410 0.001138262199700918256284 -0.000520069144000271082334 0.903330759734508048630630
2460918.30000000 0.687718126054390976875652 0.000921549634711083085099 -0.000846879580873046095349 0.725976730093207178740045
2460918.40000000 0.878808698364129114999344 0.000614129610436496857148 -0.001090345364808053500033 0.477172616220695788857853
2460918.50000000 0.983407579717680335740226 0.000246257108767500157778 -0.001226501920923654242318 0.181405532451273915350853
2460918.60000000 0.991220226904603762818624 -0.000145862326689141254526 -0.001241945745940727314008 -0.132215347330704086070696
2460918.70000000 0.901477725070692681441642 -0.000523635875056900255108 -0.001135153835287538211934 -0.432823692087416611595785
2460918.80000000 0.723012464749845928935201 -0.000849881756075871320870 -0.000916633845273280545816 -0.690833853613937898252573
2460918.90000000 -0.473388860957629831194282 0.001092488759363596274865 0.000607890179015109412969 0.880852668304201613658222
2460919.00000000 -0.177174681616719786880765 0.001227576785787870073188 0.000239307747208652283298 0.984178626053570204668119
2460919.10000000 0.136476896584239948406747 0.001241847357494346108103 -0.000152838356452192499456 0.990642463835444075925807
2460919.20000000 0.436696521283473082508664 0.001133892717309880173240 -0.000529952959272436642177 0.899608015602157418122431
2460919.30000000 0.693936801823798243837871 0.000914334664114449134284 -0.000854919336627055432079 0.720034824282089869207368
2460919.40000000 0.882880345690008616621469 0.000604779426554701124603 -0.001095752321154276967552 0.469596346623929961072719
2460919.50000000 0.984931470133492137364328 0.000235691428091314245791 -0.001228746428462189734312 0.172940549820122246860166
