2460188.50000000 0.984194555121536862607456 0.000220965941904473521171 -0.001122006053420494418524 0.177086899417294524328170
2460188.60000000 0.990630412305995022848037 -0.000137517265748301760041 -0.001134741482317473595248 -0.136565294510981094511237
2460188.70000000 0.899569169567550175337090 -0.000482467736521131071795 -0.001035801956422650535461 -0.436776834896621335424527
2460188.80000000 0.719973006930638037559333 -0.000779936989155001025691 -0.000834923889495991621706 -0.694001126721692229715188
2460188.90000000 -0.469517641948318076305924 0.001000649107801685052874 0.000551876163967032632232 0.882922351077889966397549
2460189.00000000 -0.172852703868526552666296 0.001122882026935180391561 0.000214514686147915082954 0.984947021866854011129533
2460189.10000000 0.140824267283449849896826 0.001134605449750531640588 -0.000143958998120774853136 0.990033947746240761134118
2460189.20000000 0.440641419994127425674435 0.001034664956833755700139 -0.000488265229591823405643 0.897682477299530212633272
2460189.30000000 0.697090974594346879378293 0.000832895760631172576635 -0.000784518334796960445029 0.716981773794887811135368
2460189.40000000 0.884933361223157577413190 0.000549154882802786541672 -0.001003561592846203371840 0.465716262854203866261571
2460189.50000000 0.985681272179627643303945 0.000211367001144486290872 -0.001123836826855726485005 0.168615307694085558853914
2460189.60000000 0.989419173867879808703663 -0.000147223746185031091746 -0.001133506219051347426938 -0.145080639201335015453509
2460189.70000000 0.895779184814294637817511 -0.000491325527182799723022 -0.001031617489061667112746 -0.444497858732287309813103
2460189.80000000 0.713977283324709777190265 -0.000787072163357519665773 -0.000828197753053255196314 -0.700167932357287137179469
2460189.90000000 -0.461906274087792834137645 0.001005356225297862615697 0.000543266799009572303771 0.886928006141387670346887
2460190.00000000 -0.164374796862810562680934 0.001124693813809906142720 0.000204866886755852069951 0.986397292803126823912407
2460190.10000000 0.149334324216405051055645 0.001133339095770354671908 -0.000153697057857763748475 0.988786099988356204093520
2460190.20000000 0.448346073445028581172522 0.001030440448299325484696 -0.000497135236480522883958 0.893859323090065660544212
2460190.30000000 0.703231938383468202502513 0.000826124416792182818779 -0.000791646172737958393577 0.710959585104194879967565
2460190.40000000 0.888906246302716640528274 0.000540499196565765024566 -0.001008243485840065040149 0.458087738964128021734723
2460190.50000000 0.987095070197468560380116 0.000201675711691404522087 -0.001125608799482894981092 0.160131242183518984756319
2460190.60000000 0.988134739889591107164790 -0.000156998978955481176354 -0.001132190020100644605588 -0.153585250984767662796315
2460190.70000000 0.891922931873058710827706 -0.000500223659458306807619 -0.001027338436111184527544 -0.452185999286310813527479
2460190.80000000 0.707928740943369771976279 -0.000794217316292835729188 -0.000821372716607999620378 -0.706282940691164151658654
2460190.90000000 -0.454260735258838532768522 0.001010043939516701815007 0.000534563483446697548622 0.890868047723558764694474
2460191.00000000 -0.155884729754979717286645 0.001126460512707672025762 0.000195138392232181739254 0.987774591714416949628230
2460191.10000000 0.157833333568800388002629 0.001132007906935906778670 -0.000163495971686620941666 0.987465103505622665558406
2460191.20000000 0.456017558941320289012111 0.001026138855123241320697 -0.000506041958109792609950 0.889970042696577867680219
2460191.30000000 0.709320878194279913486753 0.000819271981998151302765 -0.000798784893330592524890 0.704884800866865335322586
2460191.40000000 0.892813371550525980424595 0.000531766544274216222503 -0.001012911386723538845547 0.450425326569246664565327
2460191.50000000 0.988435844557014942068918 0.000191918784740515720828 -0.001127345285910857355591 0.151635330494883563412500
2460191.60000000 0.986777205358984610406026 -0.000166822933814113799665 -0.001130822178043153648092 -0.162078500717604823133655
2460191.70000000 0.888000695978759191362428 -0.000509150123498449194703 -0.001022998225078376299119 -0.459840687827407224030907
2460191.80000000 -0.701827827208014176640916 0.000801369302261419362218 0.000814484190804143836848 0.712345699347261551714894
2460191.90000000 -0.446581591011530443235955 0.001014718240548338800203 0.000525801282246855555998 0.894742184346463798050308
2460192.00000000 -0.147383130602453366053695 0.001128196907732771474275 0.000185361569309943496767 0.989078816690708406689225
2460192.10000000 0.166320666627478658261552 0.001130634507219873893802 -0.000173328282937287115944 0.986071055997057577258147
2460192.20000000 0.463655308977077795784538 0.001021789121515701307882 -0.000514964754922665854560 0.886014923810666599202079
2460192.30000000 0.715357343593191363773087 0.000812371728480001790464 -0.000805922126991906180409 0.698757870444630890816029
2460192.40000000 0.896654447928801667799803 0.000522992195888593008196 -0.001017562073090873698417 0.442729592477908551195753
2460192.50000000 0.989703496062162901836246 0.000182130986954532470131 -0.001129052431489137786266 0.143128201102679097900250
2460192.60000000 0.985346670683147518587930 -0.000176663831568504294759 -0.001129417738744799672504 -0.170559760139201127548958
2460192.70000000 0.884012767270449417722489 -0.000518078402310148894774 -0.001018619671238525604615 -0.467461358094049816980231
2460192.80000000 -0.695674993422705001400175 0.000808508751455420341531 0.000807561044627722892340 0.718355759832414397791922
2460192.90000000 -0.438869409408187860499595 0.001019368248830709172692 0.000517012947479039415392 0.898550129414750542444779
2460193.00000000 -0.138870628301927478975841 0.001129901301655611943475 0.000175570597249585455286 0.990309871248736151017056
2460193.10000000 0.174795695562317887628012 0.001129226367229319970970 -0.000183160930821718587061 0.984604060580908324595839
2460193.20000000 0.471258758557004886480257 0.001017407168623415915018 -0.000523874116075781492974 0.881994259007068848177369
2460193.30000000 0.721340888045484796009532 0.000805446670945542640696 -0.000813034036046615584542 0.692579247064479708306806
2460193.40000000 0.900429191298259268272375 0.000514204379927180954893 -0.001022179028470745522361 0.435001105977243174294244
2460193.50000000 0.990897930942493565531493 0.000172343517838690967695 -0.001130722089114691774822 0.134610483316869256054105
2460193.60000000 0.983843241692454961722092 -0.000186489919813615461332 -0.001127977300757654951363 -0.179028401837368705828979
2460193.70000000 0.879959440758583011366056 -0.000526978585574961236847 -0.001014211809429149029407 -0.475047446353909164074025
2460193.80000000 -0.689470694737048250821942 0.000815609776212342465519 0.000800619798374016880538 0.724312677568730078903059
2460193.90000000 -0.431124760954405716883997 0.001023973898282328799658 0.000508220989080153699377 0.902291601246771324262852
2460194.00000000 -0.130347852553824028465357 0.001131560737775324978344 0.000165792073075336310415 0.991467664332800868720597
2460194.10000000 0.183257793424054044040261 0.001127778334239059893768 -0.000192965374137216074280 0.983064225790655887848857
2460194.20000000 0.478827345221917999307237 0.001012995719314406257300 -0.000532741760972446176496 0.877908345724751182359569
2460194.30000000 0.727271068924001173883198 0.000798506878773884648873 -0.000820094692064605220588 0.686349387802557830973171
2460194.40000000 0.904137322429718337524207 0.000505419451893402045528 -0.001026740498257627592568 0.427240438798017374555371
2460194.50000000 0.992019060854921197467604 0.000162577535101191721686 -0.001132338103121311063959 0.126082807230538995746372
2460194.60000000 0.982267029617102438443510 -0.000196277011245391219641 -0.001126491247782640623548 -0.187483799352473140542585
2460194.70000000 0.875841016299148233947847 -0.000535825368818886320528 -0.001009771973243361788825 -0.482598391438843754563948
2460194.80000000 -0.683215390140110678807162 0.000822647856811158833049 0.000793664614190529946885 0.730216011891023031310510
2460194.90000000 -0.423348218584367330663554 0.001028513205578473295107 0.000499435782597737378680 0.905966323074707813312045
2460195.00000000 -0.121815433848474069522538 0.001133157250789357467849 0.000156041548938402755212 0.992552110310403912230015
2460195.10000000 0.191706334223776170277986 0.001126277580364876780214 -0.000202722244528251774581 0.981451665554970320570760
2460195.20000000 0.486360509094998672008359 0.001008547779889862588271 -0.000541546074211916731236 0.873757486234953306691864
2460195.30000000 0.733147447543874619668713 0.000791551439753971990652 -0.000827081888286814890729 0.680068753539761594595348
2460195.40000000 0.907778567030342320443026 0.000496642384705432487699 -0.001031225305972236459817 0.419448165046204524131213
2460195.50000000 0.993066802879389420866119 0.000152843292662154114046 -0.001133881803584662131823 0.117545803708767104822641
2460195.60000000 0.980618151080639766092872 -0.000206010521755601303581 -0.001124944652235880006297 -0.195925327178548991380325
2460195.70000000 0.871657798583025389405066 -0.000544601053983138948603 -0.001005289898499232619997 -0.490113634753053695192193
2460195.80000000 -0.676909542395329633102108 0.000829603568176365594421 0.000786690447857149198138 0.736065326101946304504509
2460195.90000000 -0.415540357575204799545077 0.001032966474335580324764 0.000490657672289989007196 0.909574023079575244565831
2460196.00000000 -0.113274003396326206072331 0.001134672295117026500494 0.000146324541091980659877 0.993563128976779896817106
2460196.10000000 0.200140692967843675242889 0.001124708002904871309915 -0.000212421427041246051832 0.979766499185921069248195
2460196.20000000 0.493857692884435817148869 0.001004050767774682193650 -0.000550273220976844456426 0.869541987634779078852887
2460196.30000000 0.738969589199836462967141 0.000784572085878266611142 -0.000833979184407352010754 0.673737808915717772961784
2460196.40000000 0.911352655747524553753180 0.000487869689555424791271 -0.001035615671354944439947 0.411624861184141765946265
2460196.50000000 0.994041079526341797567568 0.000143142192275550535641 -0.001135335394508706205116 0.109000104300908506882450
2460196.60000000 0.978896728081762868001192 -0.000215684399443702917243 -0.001123320990725252621970 -0.204352360839431229644347
2460196.70000000 0.867410097092069842794615 -0.000553295505228086344045 -0.001000751496888450551778 -0.497592620345992164843096
2460196.80000000 -0.670553618002550200216660 0.000836463534245488306643 0.000779686603550843338600 0.741860187502076717791510
2460196.90000000 -0.407701755566233725591729 0.001037318142520047377017 0.000481880044253900526041 0.913114434378566430794422
2460197.00000000 -0.104724193078822844227282 0.001136089307237734451553 0.000136638896463711384966 0.994500645557627183102056
2460197.10000000 0.208560245697914620199853 0.001123053263698073952342 -0.000222060564561437040303 0.978008851368194598308037
2460197.20000000 0.501318341975381831510106 0.000999489750851800546477 -0.000558916609402277243628 0.865262161793206363569197
2460197.30000000 0.744737063197049353746593 0.000777556342720221553566 -0.000840776326004928566300 0.667357022291151902315676
2460197.40000000 0.914859324187772826597609 0.000479092201025769679444 -0.001039898498081069265139 0.403771105984633782437498
2460197.50000000 0.994941818738294569968161 0.000133468973494222926772 -0.001136683942335479273814 0.100446341202816702420364
2460197.60000000 0.977102887987835844185724 -0.000225299694374146193413 -0.001121604605729159759644 -0.212764276909033295259732
2460197.70000000 0.863098226083992448032234 -0.000561905561458972326733 -0.000996141528315769905072 -0.505034794934364539287230
2460197.80000000 -0.664148087179982193895000 0.000843220679167099506843 0.000772639348271702153942 0.747600167403588811154691
2460197.90000000 -0.399832992449630664211213 0.001041557785866058022037 0.000473091636733669886842 0.916587295073438723669312
2460198.00000000 -0.096166635402299652235492 0.001137395306314105403178 0.000126976600024301998580 0.995364590712323638044268
2460198.10000000 0.216964369540795259938548 0.001121298784742518319171 -0.000231643887620372186491 0.976178852147262077210144
2460198.20000000 0.508741904445860648742439 0.000994849613562016638763 -0.000567476417896538363854 0.860918325339339651769421
2460198.30000000 0.750449442867127225476054 0.000770489644662329881478 -0.000847469456345106343133 0.660926865727994861110517
2460198.40000000 0.918298312939807903632072 0.000470296945823472586651 -0.001044066192269311760948 0.395887480476537101381496
2460198.50000000 0.995768953892143482420352 0.000123813183179924342402 -0.001137916673762748385329 0.091885147222694085744621
2460198.60000000 0.975236763520661686932556 -0.000234863588356431721030 -0.001119782324557412351435 -0.221160453074281171392812
2460198.70000000 0.858722504557817845061152 -0.000570434609976397714003 -0.000991445371468975891749 -0.512439607959718212981670
2460198.80000000 -0.657693423823930256588710 0.000849874337951150708205 0.000765533670602577473452 0.753284841165647200966760
2460198.90000000 -0.391934650360748981778869 0.001045680715903363287161 0.000464278143264659293524 0.919992348252872349512188
2460199.00000000 -0.087601963463864840342410 0.001138581898560098561515 0.000117325106560857826839 0.996154900536561194179797
2460199.10000000 0.225352442757674270579216 0.001119433058003784474399 -0.000241181237858646197901 0.974276636917884353294994
2460199.20000000 0.516127831095263944760632 0.000990116561695869156629 -0.000575959026162271695883 0.856510799645177067773716
2460199.30000000 0.756106305609357653985114 0.000763356922312279149827 -0.000854060978670764673129 0.654447814942655692327378
2460199.40000000 0.921669367602352851420733 0.000461468703608528517130 -0.001048116954693389208872 0.387974567878560439027069
2460199.50000000 0.996522423803836376876575 0.000114160606459123430438 -0.001139027674759229315227 0.083317155730919800760148
2460199.60000000 0.973298492741203280509410 -0.000244388189644311111005 -0.001117844522178856794120 -0.229540268200098179773860
2460199.70000000 0.854283256238393406967191 -0.000578891693083106095505 -0.000986650388102208080257 -0.519806511613381094782937
2460199.80000000 -0.651190105454399925655196 0.000856429748840235828197 0.000758354864394312783854 0.758913788241899700537374
2460199.90000000 -0.384007313622902690664063 0.001049687914384271961166 0.000455423914317218121554 0.923329342016192988751300
2460200.00000000 -0.079030810882853588794639 0.001139645686102116854677 0.000107669041215369403353 0.996871516568678783798418
2460200.10000000 0.233723844807536329515329 0.001117448529855969699062 -0.000250686500336372828941 0.972302346409324336207192
2460200.20000000 0.523475575517238111977747 0.000985279445903536029230 -0.000584375716454538425039 0.852039910782267706501614
2460200.30000000 0.761707232938388378862271 0.000756144287127589217849 -0.000860558654978169014667 0.647920349250866611789945
2460200.40000000 0.924972238779520172791138 0.000452591933865238466462 -0.001052054384069263555379 0.380032953609172663433924
2460200.50000000 0.997202172735059177988148 0.000104495281674967850248 -0.001140016069275563139959 0.074743000583510077472482
2460200.60000000 0.971288219048185075266133 -0.000253888607047414633939 -0.001115785897211753890934 -0.237903102334215604818368
2460200.70000000 0.849780809548956961307908 -0.000587289855326615477249 -0.000981747260691295852222 -0.527134960882677083837677
2460200.80000000 -0.644638613186340858618451 0.000862896844187201195187 0.000751090332791798397961 0.764486592204825066154683
2460200.90000000 -0.376051568706468164471346 0.001053585404380633040386 0.000446514077859515290652 0.926598029490660390905532
2460201.00000000 -0.070453811748458591845967 0.001140588302481298577443 0.000097992445064929199023 0.997514385793793478818259
2460201.10000000 0.242077956362056062600274 0.001115342319632967732490 -0.000260175446850923581480 0.970256126681737995909316
2460201.20000000 0.530784594117307717553444 0.000980331110678482305423 -0.000592740818819076039671 0.847505989510680346477045
2460201.30000000 0.767251810491498265065502 0.000748840890026350220095 -0.000866974240543790680182 0.641344951558766918076060
2460201.40000000 0.928206682123321691335605 0.000443652966837672368700 -0.001055886740348202252476 0.372063225186861135096450
2460201.50000000 0.997808150395134929588892 0.000094801809503516969125 -0.001140885985720438118921 0.066163316093407489870692
2460201.60000000 0.969206091159550142677404 -0.000263380750032738244256 -0.001113606142096278161027 -0.246248336787880717224652
2460201.70000000 0.845215497571847107494136 -0.000595644267018662488915 -0.000976731292842896847012 -0.534424413615039228808712
2460201.80000000 -0.638039431702309145499896 0.000869288874564260491233 0.000743731380724289088853 0.770002840769367535855849
2460201.90000000 -0.368068004185746755485553 0.001057383496054662037900 0.000437536637957638518785 0.929798168849645056965869
2460202.00000000 -0.061871600591541967006926 0.001141416333289944169335 0.000088280968460610156922 0.998083460646011055850124
2460202.10000000 0.250414159379785505876725 0.001113116797579808119750 -0.000269663660389894959540 0.968138129108781164688935
2460202.20000000 0.538054346176994435779761 0.000975269547006045673179 -0.000601069943579663487979 0.842909371239751292748110
2460202.30000000 0.772739628071878237314252 0.000741440514108189399449 -0.000873322173570958873272 0.634722108312842703270462
2460202.40000000 0.931372458342620945792589 0.000434641867814681214736 -0.001059626186816051921641 0.364065972207255117432112
2460202.50000000 0.998340311943914149317436 0.000085067306640112882272 -0.001141646387800771163257 0.057578736999511430372234
2460202.60000000 0.967052263102265774463717 -0.000272879461650952722957 -0.001111310341962643650701 -0.254575354177380253073437
2460202.70000000 0.840587658045756191960152 -0.000603970597083850358616 -0.000971603306775982683390 -0.541674330522679214894310
2460202.80000000 -0.631393049205981160554302 0.000875621140642517093410 0.000736274505183008901553 0.775462125832891979726469
2460202.90000000 -0.360057210665248483838496 0.001061095956084683392118 0.000428484030063059977925 0.932929523342664102081301
2460203.00000000 -0.053284812328117811541794 0.001142140960422056593024 0.000078523555440940617334 0.998578699013196291467409
2460203.10000000 0.258731837151878918401593 0.001110779703384990550058 -0.000279164853874582733623 0.965948510366405277416391
2460203.20000000 0.545284293865973546111547 0.000970098452877454580333 -0.000609378423206523908012 0.838250396021094745790947
2460203.30000000 0.778170279677652287908529 0.000733942520082477749613 -0.000879618242705151637435 0.628052309466302527418691
2460203.40000000 0.934469333221296549751855 0.000425553692353798054988 -0.001063287765764919139480 0.356041786300050289160168
2460203.50000000 0.998798617998289728348027 0.000075282882796156368557 -0.001142310420412048169864 0.048989898384771940476057
2460203.60000000 0.964826894198435591754048 -0.000282396916856900159765 -0.001108908732381526764457 -0.262883538481269329878387
2460203.70000000 0.835897633321350919111126 -0.000612283390549410336083 -0.000966369833826587112252 -0.548884175255273998317307
2460203.80000000 -0.624699957375119852009959 0.000881909457983017668926 0.000728722017338667726362 0.780864043515184680366303
2460203.90000000 -0.352019780784870450762725 0.001064738669257930727546 0.000419354149257309349007 0.935991861294445004482156
2460204.00000000 -0.044694082201570069223795 0.001142776926595368437028 0.000068713825438959416744 0.999000064241798990671839
2460204.10000000 0.267030374333128484032329 0.001108343509329050638468 -0.000288689216201469880940 0.963687432426270640384303
2460204.20000000 0.552473902309278508404589 0.000964827071542981307140 -0.000617679495920432967103 0.833529408507834967956285
2460204.30000000 0.783543363549700222492334 0.000726352207031502497374 -0.000885877742616828791310 0.621336048422875819596811
2460204.40000000 0.937497077637723830179084 0.000416389378405607928427 -0.001066887677519864950984 0.347991261084100222955584
2460204.50000000 0.999183034636202616063372 0.000065445027263393590485 -0.001142893968806778367750 0.040397435626120546670048
2460204.60000000 0.962530149064337758879617 -0.000291940827156073805324 -0.001106415685604918456783 -0.271172275051660971456613
2460204.70000000 0.831145770348953760731092 -0.000620593996568044353919 -0.000961042648400264095526 -0.556053414422267411332257
2460204.80000000 -0.617960651347750578032958 0.000888167978424355027134 0.000721082202750649879294 0.786208194172130392374243
2460204.90000000 -0.343956309133041315817536 0.001068327546868971756819 0.000410151160323052451848 0.938984956141183824129826
2460205.00000000 -0.036100045730311169922544 0.001143340729110874174485 0.000058851494755164466134 0.999347525141480064192478
2460205.10000000 0.275309157008950755596288 0.001105824081521653836843 -0.000298241480782176040295 0.961355062540248939129128
2460205.20000000 0.559622639634333229885499 0.000959469465292753990841 -0.000625982021277009530354 0.828746757926117627590656
2460205.30000000 0.788858482177930309120484 0.000718680789280923466335 -0.000892113035206973338173 0.614573822032496441813976
2460205.40000000 0.940455467587182569744186 0.000407156450355883759579 -0.001070440907696692091691 0.339914992115484093648803
2460205.50000000 0.999493533399390066129797 0.000055556993750960516473 -0.001143413571054391082021 0.031801984392196933071340
2460205.60000000 0.960162197589932153718451 -0.000301512488385930583438 -0.001103848103067911132213 -0.279440950700644952231499
2460205.70000000 0.826332420637132303298245 -0.000628908217124874682931 -0.000955637790571126424788 -0.563181517660458763607778
2460205.80000000 -0.611175629673329057212072 0.000894406645508330098646 0.000713369064234757642787 0.791494182438624904740720
2460205.90000000 -0.335867392214492355151378 0.001071876010457433131898 0.000400885983157839883954 0.941908586445039497370146
2460206.00000000 -0.027503338691926962344958 0.001143848346789438572002 0.000048943558687573880770 0.999621055988687112758839
2460206.10000000 0.283567572727886185735002 0.001103238837530463693770 -0.000307819153382046838477 0.958951573234162024661487
2460206.20000000 0.566729976972025872861138 0.000954043247551239286496 -0.000634288272084888794973 0.823902798077932319031902
2460206.30000000 0.794115242346322691702198 0.000710944792434923373246 -0.000898331090177099012180 0.607766130539902915685957
2460206.40000000 0.943344284203281868705915 0.000397869110471049810488 -0.001073958712512806858846 0.331813576837149182274800
2460206.50000000 0.999730091300853329627785 0.000045629562704717795596 -0.001143884038278507059988 0.023204180539088008206061
2460206.60000000 0.957723214928289601211020 -0.000311105420484045094940 -0.001101223339940535488751 -0.287688953746257691790333
2460206.70000000 0.821457940255454266420543 -0.000637224460046311304111 -0.000950173932924623090499 -0.570267957635038125197013
2460206.80000000 -0.604345394276195158056453 0.000900628998041446793103 0.000705601231240976923924 0.796721617260956804784655
2460206.90000000 -0.327753628414526376744220 0.001075392597505007812042 0.000391575805318416299717 0.944762535910412926121182
2460207.00000000 -0.018904597032570212566949 0.001144312803728124612601 0.000039004429103991130885 0.999820636533149009750332
2460207.10000000 0.291805010565365341435040 0.001100604420357804372893 -0.000317411763220175780365 0.956477142292616711038988
2460207.20000000 0.573795388545755846720908 0.000948567509534113998369 -0.000642592620132956151950 0.818997887285133785439939
2460207.30000000 0.799313255174517456325134 0.000703164361073579176516 -0.000904531679877095570567 0.600913477535739537493953
2460207.40000000 0.946163313764858737719976 0.000388547037941462029918 -0.001077446423179116881397 0.323687614569230619476770
2460207.50000000 0.999892690827709373913024 0.000035680419792933613682 -0.001144315992377792487109 0.014604660105369841535672
2460207.60000000 0.955213381497386881946454 -0.000320705348431468370042 -0.001098556620461624451501 -0.295915674017749485980033
2460207.70000000 0.816522689789023536910406 -0.000645533051015091999779 -0.000944669834197177024637 -0.577312210112658874550107
2460207.80000000 -0.597470450412933451467268 0.000906830823289675870373 0.000697799622821383149461 0.801890111933282190292971
2460207.90000000 -0.319615617961063525065413 0.001078879009907276857738 0.000382242126500481887042 0.947546593401095149644675
2460208.00000000 -0.010304456847068023395142 0.001144741713980271941020 0.000029054522037721610691 0.999946252001068014436669
2460208.10000000 0.300020861143649675284450 0.001097933886496612384404 -0.000327001595220905057204 0.953931952756264189829949
2460208.20000000 0.580818351679437405721274 0.000943059839710818996993 -0.000650881490475676964015 0.814032388387146754737955
2460208.30000000 0.804452136129803596631405 0.000695360327835860573750 -0.000910706510754396192549 0.594016369945581712563865
2460208.40000000 0.948912347729261140827361 0.000379212740231899241971 -0.001080901773037868307190 0.315537706424464159393750
2460208.50000000 0.999981319946198543568983 0.000025732017210854083475 -0.001144713476031921457407 0.006004059229643476935934
2460208.60000000 0.952632882956797488738232 -0.000330291630149410976765 -0.001095858085499923448985 -0.304120502945023685192893
2460208.70000000 0.811527034311628869822641 -0.000653816797669491754467 -0.000939141037953643374042 -0.584313754004260998975440
2460208.80000000 -0.590551306665509589954866 0.000912999770370408257440 0.000689984054186735108576 0.806999284106591718845891
2460208.90000000 -0.311453962858288579962363 0.001082328768364788917911 0.000372907551406327023979 0.950260552966332050495168
2460209.00000000 -0.001703554344447272056104 0.001145135052289318090823 0.000019117512226433906617 0.999997893099021317731001
2460209.10000000 0.308214516690555717648436 0.001095233748953465362230 -0.000336565727865552756070 0.951316192907158630909237
2460209.20000000 0.587798346858171449902386 0.000937532864097759635093 -0.000659134498912564929102 0.809006668701879094740548
2460209.30000000 0.809531505062406231409966 0.000687550526322636503841 -0.000916839340284200578907 0.587075317988045020101140
2460209.40000000 0.951591182740448515708920 0.000369887940296978793252 -0.001084313958901796668202 0.307364455291111116075342
2460209.50000000 0.999995972104071983999063 0.000015808336576304385975 -0.001145072012940453846930 -0.002596985842683084341753
2460209.60000000 0.949981910206603386015445 -0.000339839843460573557982 -0.001093129991643161441281 -0.312302833569487903186968
2460209.70000000 0.806471343393026396384471 -0.000662052702539515057489 -0.000933596424160275340995 -0.591272071359074224972119
2460209.80000000 -0.583588474888038999388584 0.000919116034925043312934 0.000682169409843688006635 0.812048755831777491209778
2460209.90000000 -0.303269266863619324503532 0.001085726796333912839293 0.000363591886783667733122 0.952904213850418901898820
2460210.00000000 0.006897474234229692725828 0.001145483652213280002796 0.000009216664725095174355 0.999975556016794442371065
2460210.10000000 0.316385371088709455023036 0.001092501489788737841641 -0.000346079171990991061019 0.948630056255006071097569
2460210.20000000 0.594734857729905419532201 0.000931990950641653774673 -0.000667326804498314524183 0.803921100026773083335740
2460210.30000000 0.814550986232866480740711 0.000679745928225770814496 -0.000922907343670243676334 0.580090835140540828085420
2460210.40000000 0.954199620640566292806284 0.000360589433477040638767 -0.001087663893709650336436 0.299168465804024452658894
2460210.50000000 0.999936646232906234388338 0.000005930778331618354691 -0.001145377698982941346018 -0.011197838849255764559487
2460210.60000000 0.947260659365892876415671 -0.000349325546971930849405 -0.001090364678187024901138 -0.320462060615353261372462
2460210.70000000 0.801355991043233517601152 -0.000670215074589642885797 -0.000928035172998687980621 -0.598186647444632346726223
2460210.80000000 -0.576582470158168214346972 0.000925154560072033427774 0.000674361802744389573182 0.817038153595647353988340
2460210.90000000 -0.295062135464170594012501 0.001089050506962635327113 0.000354307760769260733473 0.955477380501468465112680
2460211.00000000 0.015497992606835696641210 0.001145769049923606088676 -0.000000629770012855694333 0.999879242427653913694030
2460211.10000000 0.324532819894257584802943 0.001089724118731118934766 -0.000355519353660155084870 0.945873741531304212948328
2460211.20000000 0.601627371174584979485189 0.000926427535505783121030 -0.000675433116493699041774 0.798776058589102722073960
2460211.30000000 0.819510208344751966969000 0.000671946887007419208990 -0.000928884309082570022893 0.573063438093503463299783
2460211.40000000 0.956737468492524278929068 0.000351324489806354085288 -0.001090926299201436938668 0.290950344273812444573224
2460211.50000000 0.999803346747037968711425 -0.000003886957063883557014 -0.001145607971758765778608 -0.019797863529733807780309
2460211.60000000 0.944469331773434395138622 -0.000358729541139462084539 -0.001087543885476710461141 -0.328597580484803808431593
2460211.70000000 0.796181355701034543237427 -0.000678280521798703926739 -0.000922444612737329536559 -0.605056970759767387413319
2460211.80000000 -0.569533810787084648907808 0.000931089349534837233680 0.000666555049717673653298 0.821967108312016025983837
2460211.90000000 -0.286833175805607576425160 0.001092273060010626834979 0.000345055939802994576966 0.957979862592555964084795
2460212.00000000 0.024097364540814073669006 0.001145965375744339596539 -0.000010414079211148362936 0.999708959486082071599355
2460212.10000000 0.332656260384330937363018 0.001086878487532533113860 -0.000364872076050421845564 0.943047452671520569644770
2460212.20000000 0.608475377321427535193266 0.000920823768093191564674 -0.000683433641801629420537 0.793571925029509572802056
2460212.30000000 0.824408804542019923999874 0.000664140153500803560524 -0.000934746101820071117160 0.565993646749386569716478
2460212.40000000 0.959204538579036536383171 0.000342086412898920855154 -0.001094074241796850121763 0.282710698678774074998898
2460212.50000000 0.999596083539776802950882 -0.000013644472746372493329 -0.001145734835151963676089 -0.028396423667574700877569
2460212.60000000 0.941608133956955417609436 -0.000368044241166484340476 -0.001084640380318109900704 -0.336708791338140134286050
2460212.70000000 0.790947820207387075619465 -0.000686234632632757245684 -0.000916800078254901965914 -0.611882533063556333097210
2460212.80000000 -0.562443018244087822310462 0.000936899967207375865795 0.000658728729370470405050 0.826835255370068522573490
2460212.90000000 -0.278582996666822957365639 0.001095369198400173793920 0.000335821688534418698237 0.960411475024049221538291
2460213.00000000 0.032694953854025918249526 0.001146044093878138912107 -0.000020144196826752679727 0.999464719822206859589642
2460213.10000000 0.340755091599203252528127 0.001083934578479960053610 -0.000374137761836130773672 0.940151398794678683223935
2460213.20000000 0.615278369570012917399993 0.000915150097716531363799 -0.000691321045852144079602 0.788309084378848723417832
2460213.30000000 0.829246412453058079350399 0.000656298628473037321332 -0.000940477882127763089443 0.558881984149330102162878
2460213.40000000 0.961600648419554393520059 0.000332852449431035211317 -0.001097086132226027807915 0.274450138586196934475936
2460213.50000000 0.999314871975620744315449 -0.000023358499224930274048 -0.001145731183956143379998 -0.036992883132251096200971
2460213.60000000 0.938677277617649297170033 -0.000377279017378010926749 -0.001081623194636501450114 -0.344795093114349748830705
2460213.70000000 0.785655771768609678673556 -0.000694078526728420311387 -0.000911068720674877209099 -0.618662829411056325312757
2460213.80000000 -0.555310617136995476883499 0.000942578922519032207442 0.000650850303733828145641 0.831642234637758770432470
2460213.90000000 -0.270312208424259403649614 0.001098323045132805269794 0.000326575038888310712967 0.962772037925727408591570
2460214.00000000 0.041290124474934825071770 0.001145981761642153552369 -0.000029845351585339400781 0.999146541532098808602314
2460214.10000000 0.348828714380358728686105 0.001080862771434302647619 -0.000383334980934505755411 0.937185794180275255627066
2460214.20000000 0.622035844635616230746678 0.000909372608554929627231 -0.000699105722002108594289 0.782987926011977863893776
2460214.30000000 0.834022674203987568475327 0.000648386359763430237223 -0.000946080880901853599543 0.551728976436099860514162
2460214.40000000 0.963925620758431356271956 0.000323587096281249754666 -0.001099953681123208701007 0.266169275158479767817710
2460214.50000000 0.998959732878864414828968 -0.000033061556353885230663 -0.001145579531136587704554 -0.045586605935424684421520
2460214.60000000 0.935676979609486370037530 -0.000386461012396010269304 -0.001078466647810093692259 -0.352855887560415304449180
2460214.70000000 0.780305601921377656182699 -0.000701831902215496522199 -0.000905218298572636401178 -0.625397358182267937287691
2460214.80000000 -0.548137135142551246147491 0.000948136895895388721878 0.000642883127160167504657 0.836387690497016111912387
2460214.90000000 -0.262021422978260920544358 0.001101135317343670053103 0.000317277471093563442298 0.965061376667875170376476
2460215.00000000 0.049882240513899001044251 0.001145768902128309037550 -0.000039555218413028233422 0.998754448165300234840913
2460215.10000000 0.356876531417499198717280 0.001077643911477331418666 -0.000392497859741025177573 0.934150858240813009025771
2460215.20000000 0.628747302576003641583213 0.000903463703251941455466 -0.000706815766754140067073 0.777608843614599698490508
2460215.30000000 0.838737236424550336444383 0.000640369177433268606248 -0.000951575097969266131721 0.544535152829057178536232
2460215.40000000 0.966179283588542547889233 0.000314251978255599339826 -0.001102687300600876853934 0.257868721039156978402929
2460215.50000000 0.998530692523028284846021 -0.000042793536830932065200 -0.001145279901994210357621 -0.054176956280260861464892
2460215.60000000 0.932607461899010892203421 -0.000395628831077683696098 -0.001075160332758642390064 -0.360890578316992949314823
2460215.70000000 0.774897706480425552122426 -0.000709529364414801370399 -0.000899228682378709924181 -0.632085621135821340565997
2460215.80000000 -0.540923102984659731617967 0.000953602077460536908318 0.000634798755700498274976 0.841071271849523349750655
2460215.90000000 -0.253711253708441775156501 0.001103825847253737122214 0.000307894222197178750716 0.967279321866733043933095
2460216.00000000 0.058470666289969754070288 0.001145415657347567759544 -0.000049312450966867478084 0.998288468717591470635853
2460216.10000000 0.364897947294843427723521 0.001074277816535627524952 -0.000401666265853425116360 0.931046815499088409318063
2460216.20000000 0.635412246849752615496243 0.000897412973116151779264 -0.000714489535139496202178 0.772172235131144524267199
2460216.30000000 0.843389750306343000119114 0.000632227252164927790157 -0.000956994796355790738017 0.537301045529765097796826
2460216.40000000 0.968361470158323189849625 0.000304819285316841181045 -0.001105314908967066148127 0.249549090314103771959253
2460216.50000000 0.998027782625552362105736 -0.000052588275924773831974 -0.001144852093448918764484 -0.062763298633297145978638
2460216.60000000 0.929468951554316302754444 -0.000404820013726920387848 -0.001071714733497462507944 -0.368898570943837045277292
2460216.70000000 0.769432485520127551481551 -0.000717209644177967272326 -0.000893100499736646565724 -0.638727123431874543868503
2460216.80000000 -0.533669054356422645213343 0.000959011856052214423096 0.000626588079922437454598 0.845692632169321445445576
2460216.90000000 -0.245382315406205170349452 0.001106428299953250834683 0.000298407196301343118419 0.969425709404843072292124
2460217.00000000 0.067054766417890349083919 0.001144949887959895206205 -0.000059142822102880343083 0.997748637629826351513884
2460217.10000000 0.372892368576040578176389 0.001070784885573766416836 -0.000410871886094395439345 0.927873895559827688295229
2460217.20000000 0.642030184354464572571430 0.000891232209984079218335 -0.000722162540277310020798 0.766678502739966072354605
2460217.30000000 0.847979871616368563458366 0.000623963186333558990707 -0.000962377045244471626510 0.530027189711405721794790
2460217.40000000 0.970472018989469220606736 0.000295282425061604359481 -0.001107872823847764944677 0.241210998472770749012639
2460217.50000000 0.997451040353595219656313 -0.000062461010280539369915 -0.001144329465797143396966 -0.071344997763528802958710
2460217.60000000 0.926261680723585167918088 -0.000414057386967683492725 -0.001068158274745099325584 -0.376879273000115422309619
2460217.70000000 0.763910343320433060654295 -0.000724901677590341709037 -0.000886855595323924467133 -0.645321373714039525637531
2460217.80000000 -0.526375525875990346591493 0.000964399467242395172333 0.000618265136610343917639 0.850251429543158021573390
2460217.90000000 -0.237035224231343683021223 0.001108978180699302356488 0.000288821868242227603688 0.971500380454147105524498
2460218.00000000 0.075633905853181762624082 0.001144407235816150524010 -0.000069049668563559747506 0.997134994797226781315658
2460218.10000000 0.380859203826371728318634 0.001067198778456202382103 -0.000420126609352955405173 0.924632333114485116531966
2460218.20000000 0.648600625480678094625375 0.000884951101903384417142 -0.000729854475113421311341 0.761128052826505308026128
2460218.30000000 0.852507260762282892407882 0.000615600941384987217046 -0.000967748148469787508250 0.522714123442359457349937
2460218.40000000 0.972510773913190185169242 0.000285658207133391108846 -0.001110392386433051332972 0.232855062325340894657799
2460218.50000000 0.996800508332476242756570 -0.000072403098642493361617 -0.001143746527185448245978 -0.079921418840264074612278
