2461041.50000000 -0.640598373849212809894027 0.000963465125425286088821 0.000824041617864738613723 0.767875065431558923023658
2461041.60000000 -0.371160280837194767045162 0.001171843006358197058353 0.000484708436436252678835 0.928567950001588537922714
2461041.70000000 -0.065192872230202439376434 0.001264891153555590961113 0.000097650699109064586340 0.997871875505437211373305
2461041.80000000 0.247190768362780366462772 0.001233445952643152845191 -0.000299037609936634554871 0.968966002098855416768686
2461041.90000000 0.535246080944610125307292 0.001080596557799430200084 -0.000666312952331232278592 0.844695223835839392734215
2461042.00000000 0.770622876892801733639260 0.000821381361055419437212 -0.000968024992461148365945 0.637290177132169288753971
2461042.10000000 0.930155549028470196581964 0.000481308366878282155830 -0.001174474769152412554837 0.367163510663052194971101
2461042.20000000 0.998143011791259082698957 0.000093845056189331216767 -0.001265338038495769906050 0.060900887716686315231929
2461042.30000000 0.967893990619054123136777 -0.000302875243794072145434 -0.001231666051848900140728 -0.251355553327305136779302
2461042.40000000 0.842385571143530409443656 -0.000669806358511783089989 -0.001076766807824681114469 -0.538873771361515818689725
2461042.50000000 -0.633970197513797684152337 0.000970832245422484124871 0.000815880003492924429920 0.773356438188955830348448
2461042.60000000 -0.363159954003917651021993 0.001176321760175287221492 0.000474677626296799261892 0.931725946164289720030638
2461042.70000000 -0.056607781057230709131911 0.001266045303282281164065 0.000086737716138735341869 0.998395687455273184163218
2461042.80000000 0.255515685665268055259958 0.001231166272422114498636 -0.000309760104238699556303 0.966804076665445433214074
2461042.90000000 0.542491492276460873789290 0.001075111277695818068692 -0.000675792141132195594601 0.840060336075861835425371
2461043.00000000 0.776075694313179464955965 0.000813233431547482547679 -0.000975331354983313323324 0.630638489212222874691349
2461043.10000000 0.933279110349772955679271 0.000471301801602189444820 -0.001178893329871269273976 0.359149676694086983363974
2461043.20000000 0.998629898448622044249134 0.000082965650511531173266 -0.001266438449844437246633 0.052313623220922714218695
2461043.30000000 0.965696283600829707971513 -0.000313557004297470535027 -0.001229344633460667654198 -0.259671096260156719637280
2461043.40000000 0.837719567104779461175212 -0.000679240638261977567117 -0.001071256427533612493389 -0.546099183236075536029830
2461043.50000000 -0.627295121053358384344278 0.000978093081515304029958 0.000807726851295449427975 0.778780599407392970512376
2461043.60000000 -0.355132761122227857963907 0.001180698015513217654163 0.000464687189390332387566 0.934815014853376258230355
2461043.70000000 -0.048018502044433794551104 0.001267110411929740863141 0.000075895291682641016773 0.998845639792340533880122
2461043.80000000 0.263821700445084128539008 0.001228819930779155491368 -0.000320386520463203979675 0.964570628688198650202423
2461043.90000000 0.549696771091705560507990 0.001069588999499428974213 -0.000685157022742543023695 0.835363302036953858653590
2461044.00000000 0.781471099046116002284634 0.000805083049485456263110 -0.000982514515797689802837 0.623940147659691524140158
2461044.10000000 0.936333629319561544512851 0.000461329251066273416954 -0.001183190375733109752504 0.351109273361897178400426
2461044.20000000 0.999042908192576795123330 0.000072155392646585509147 -0.001267429918253445975118 0.043722488547344909304293
2461044.30000000 0.963427136016661300743635 -0.000324139070426716793902 -0.001226937030473199477520 -0.267967429262860878935726
2461044.40000000 0.832991589974240498328584 -0.000688552205879159142689 -0.001065691141364287367402 -0.553284195716756799221514
2461044.50000000 -0.620573638322251430743393 0.000985218063870633336057 0.000799556086458503862541 0.784147147845575709368404
2461044.60000000 -0.347079296061914677196114 0.001184936668756366622349 0.000454719311850598046591 0.937834927585985189679718
2461044.70000000 -0.039425670609973942348780 0.001268048087351432862829 0.000065114985636199461828 0.999221699279340902499769
2461044.80000000 0.272108198244134347199008 0.001226367699343664484368 -0.000330915406577343229697 0.962265823442366885487331
2461044.90000000 0.556861384376528323336686 0.001063992164507109473154 -0.000694396363346982828726 0.830604469241599141504651
2461045.00000000 0.786808691972165297201514 0.000796896727230465362971 -0.000989554193835310777483 0.617195648052215273260401
2461045.10000000 0.939318880005855061376963 0.000451363442410655183595 -0.001187337893609102844675 0.343042895515885681856361
2461045.20000000 0.999382010511867036051115 0.000061394971955791826767 -0.001268278513618779522118 0.035128119294674527151034
2461045.30000000 0.961086715782875966596066 -0.000334631554691238201557 -0.001224405597171029664444 -0.276243938572354186256064
2461045.40000000 0.828201989569579577477043 -0.000697741335024115532336 -0.001060032035532727182764 -0.560428277268017249745924
2461045.50000000 -0.613806246605920313719196 0.000992197628092935518529 0.000791330062731503288374 0.789455686512925525200046
2461045.60000000 -0.339000154638411765883887 0.001189018964463886595187 0.000444740072393996180473 0.940785460981892196485887
2461045.70000000 -0.030829922491358210251411 0.001268831638204540208925 0.000054368817431629626357 0.999523838129504182958840
2461045.80000000 0.280374566001823144478777 0.001223776734689557442112 -0.000341366978238942877805 0.959889831479635469158040
2461045.90000000 0.563984802088757453120138 0.001058283973225480163391 -0.000703521306360627542500 0.825784189788833611345353
2461046.00000000 0.792088078220682167973621 0.000788636171197629751509 -0.000996451761639173148530 0.610405489389627353702394
2461046.10000000 0.942234641576244591476552 0.000441367149271558564978 -0.001191327446329528945770 0.334951139940216746637702
2461046.20000000 0.999647180343572472338565 0.000050650714377265877069 -0.001268966615683676194687 0.026531151294879262714232
2461046.30000000 0.958675196071941404518668 -0.000345062342214265589408 -0.001221724781315108518398 -0.284500011874491864904968
2461046.40000000 0.823351120254408708198923 -0.000706828290069731854546 -0.001054247415722748236477 -0.567530899362716501066473
2461046.50000000 -0.606993446601973518639284 0.000999043119507815342156 0.000783013147541102754248 0.794705822669599215579694
2461046.60000000 -0.330895934578933070824291 0.001192946655407699750595 0.000434712362273328382228 0.943666396764335613234209
2461046.70000000 -0.022231893628802248952248 0.001269453222213338255964 0.000043620747535147151607 0.999752034001970879550925
2461046.80000000 0.288620192156518351467298 0.001221030265500118753771 -0.000351773758780744448451 0.957442828590548189460208
2461046.90000000 0.571066497210412693519288 0.001052440008117850765365 -0.000712558684770919401573 0.820902820310337122400313
2461047.00000000 0.797308867214037597648257 0.000780271120028564911172 -0.001003226614642418199411 0.603570174026733852201687
2461047.10000000 0.945080698315804546005836 0.000431306453197468167050 -0.001195169792937565700353 0.326834605289024859864355
2461047.20000000 0.999838398069279654656327 0.000039887452369718391534 -0.001269495776481784944656 0.017932220592406077769310
2461047.30000000 0.956192755293644114367169 -0.000355465398259072055172 -0.001218887017389847253132 -0.292735038357829491229012
2461047.40000000 0.818439340919988045364164 -0.000715843517892022422437 -0.001048321330333965755235 -0.574591536506050992727523
2461047.50000000 -0.600135742325989540724152 0.001005779451503933030407 0.000774582310516040077435 0.799897167898618755010887
2461047.60000000 -0.322767235468344515503247 0.001196737546799564195360 0.000424607847559850179724 0.946477521780182184940600
2461047.70000000 -0.013632220123560917154903 0.001269922505496655969898 0.000032839240534864970196 0.999906270003629082943064
2461047.80000000 0.296844466663470196721164 0.001218129391054021066002 -0.000362168217559067175983 0.954924995801172182829930
2461047.90000000 0.578105945813435995184193 0.001046452989495524378560 -0.000721539638140196600523 0.815960721929262611240574
2461048.00000000 0.802470672685350217001599 0.000771786684548902805758 -0.001009906465627749983655 0.596690207656894178178675
2461048.10000000 0.947856839645503601587961 0.000421160130514639744620 -0.001198887433831790630054 0.318693892049907057106850
2461048.20000000 0.999955649523570966330510 0.000029079297921858722812 -0.001269881925322097855277 0.009331963343103964053649
2461048.30000000 0.953639577087363909946305 -0.000365869344161971331731 -0.001215900810908736003405 -0.300948408763185626391135
2461048.40000000 0.813467014918768382969461 -0.000724816328506822094013 -0.001042254552878613387684 -0.581609666344500730872369
2461048.50000000 -0.593233641122901778075516 0.001012434611982371886890 0.000766030826928246048359 0.805029338106666658703148
2461048.60000000 -0.314614658664038537860819 0.001200416465161417136839 0.000414413039832361995707 0.949218628038592915352467
2461048.70000000 -0.005031538197054676725406 0.001270259602994664544992 0.000022005206085387843444 0.999986534699011220261866
2461048.80000000 0.305046781075870743205058 0.001215088344668364831250 -0.000372573556990851999151 0.952336519358638833310238
2461048.90000000 0.585102627101517502872241 0.001040330539018501391710 -0.000730489778204426753495 0.810958260242430228892374
2461049.00000000 0.807573112741319487639657 0.000763183611833398467018 -0.001016517542545099109588 0.589766099245815245133429
2461049.10000000 0.950562860164063883061658 0.000410922252989575666204 -0.001202505450752575869716 0.310529602453411601725719
2461049.20000000 0.999998926004134758294128 0.000018214275093539475712 -0.001270147377904147327488 0.000731015806344282041869
2461049.30000000 0.951015850309595678346852 -0.000376291206413900680694 -0.001212784331012063199565 -0.309139515459651348372461
2461049.40000000 0.808434510086945223861221 -0.000733767509960272113628 -0.001036060041646177497937 -0.588584769650712158473027
2461049.50000000 -0.586287653580089829219446 0.001019031661220785043090 0.000757365750381076797623 0.810101953602519131436566
2461049.60000000 -0.306438807282292557943038 0.001204007152166785242497 0.000404128794961568487548 0.951889512725987652075332
2461049.70000000 0.003569515887321141577038 0.001270487346552847231565 0.000011113415917092452174 0.999992822121428037718260
2461049.80000000 0.313226528586477814819489 0.001211927554541003407632 -0.000383000586527573510989 0.949677590728260301311536
2461049.90000000 0.592056023448354507010549 0.001034089374836083801562 -0.000739424642473501510589 0.805895805305096968318423
2461050.00000000 0.812615809885475437468472 0.000754473868868837417578 -0.001023078966142584736790 0.582798361015418819874867
2461050.10000000 0.953198559654573673860511 0.000400599322600762690338 -0.001206045186017494583869 0.302342340480549642833807
2461050.20000000 0.999968224281525541741189 0.000007293076993355526383 -0.001270314207162675070387 -0.007869985739019744186429
2461050.30000000 0.948321769029123462502184 -0.000386736053724213979781 -0.001209558856852601792936 -0.317307752485949556842115
2461050.40000000 0.803342198691481268468806 -0.000742707457726221077776 -0.001029756823279492482931 -0.595516330412119931914106
2461050.50000000 -0.579298293532930275162585 0.001025585525816770197938 0.000748602558607355046856 0.815114639101673810195337
2461050.60000000 -0.298240286137942511857091 0.001207527960708615214283 0.000393765995798799073053 0.954489978233685976150014
2461050.70000000 0.012170305832094932205201 0.001270626174492385995415 0.000000169436066206675520 0.999925131779725973046880
2461050.80000000 0.321383104073288794477747 0.001208668058739885550409 -0.000393449401802711091428 0.946948406585555679804145
2461050.90000000 0.598965620443397184224921 0.001027749607942601752647 -0.000748349927780102568316 0.800773731605529781596431
2461051.00000000 0.817598391060849083444850 0.000745675180867984115085 -0.001029601569024580056191 0.575787508394656200039208
2461051.10000000 0.955763743114382280374741 0.000390205395223383664886 -0.001209521767424729743814 0.294132711789166667593065
2461051.20000000 0.999863546603633635001529 -0.000003674921895984943966 -0.001270400678935273974801 -0.016470405018298425736667
2461051.30000000 0.945557532526695498908964 -0.000397199855574993491731 -0.001206244402236581912333 -0.325452515566182487560809
2461051.40000000 0.798190457435954514586740 -0.000751637745691980155814 -0.001023365139688564139780 -0.602403835829527278811213
2461051.50000000 -0.572266078016732460120863 0.001032103219934035753802 0.000739760186835381697984 0.820067023766131719675343
2461051.60000000 -0.290019701738716106920180 0.001210990766868489830130 0.000383340838966855269616 0.957019832163456873885821
2461051.70000000 0.020770195395762185153199 0.001270691875397844065182 -0.000010814493659846353990 0.999783468661129437471402
2461051.80000000 0.329515904131064352178271 0.001205328310646263789002 -0.000403912628973816800748 0.944149168808907091055005
2461051.90000000 0.605830906935711954730550 0.001021330907523523541872 -0.000757263655301659063118 0.795592418035666826270358
2461052.00000000 0.822520487651270504336765 0.000736806896032509480582 -0.001036088874831971300833 0.568734060021769183279616
2461052.10000000 0.958258220761844636825799 0.000379757994112795490161 -0.001212943899191448477587 0.285901323699155884838774
2461052.20000000 0.999684900697191847207534 -0.000014675376171445139728 -0.001270419953059934202802 -0.025069605810127574413437
2461052.30000000 0.942723345275447321967022 -0.000407672540254457689210 -0.001202857513064742051717 -0.333573202174848981726996
2461052.40000000 0.792979667404417498666191 -0.000760553329433874027166 -0.001016903594356729839329 -0.609246776395526934422264
2461052.50000000 -0.565191527244910618676954 0.001038585079911294884597 0.000730857814726526924289 0.824958741221609503924128
2461052.60000000 -0.281777662189993727270831 0.001214401215465939079877 0.000372871563427369472326 0.959478887358575671662209
2461052.70000000 0.029368548380720300300384 0.001270694912445398047640 -0.000021822507387851889488 0.999567843232204045200717
2461052.80000000 0.337624327125070899935366 0.001201922724886373815972 -0.000414378010936564610770 0.941280084462419397439703
2461052.90000000 0.612651375044462653818300 0.001014850466388906961857 -0.000766158119153822082109 0.790352247884347991480070
2461053.00000000 0.827381735534317819258376 0.000727887599882257128187 -0.001042538305505504546422 0.561638537671015791730156
2461053.10000000 0.960681808058593489363375 0.000369275610280976325332 -0.001216314298112554630887 0.277648785122406260850170
2461053.20000000 0.999432299768092891056881 -0.000025691360348704707633 -0.001270379787417442746938 -0.033666951971683463373797
2461053.30000000 0.939819416926313433435780 -0.000418140086446180025883 -0.001199410335580226730570 -0.341669211579865850225701
2461053.40000000 0.787710214067192771025816 -0.000769444192353207026026 -0.001010387723415542273950 -0.616044645886921315991458
2461053.50000000 -0.558075164555107749997376 0.001045025869840525770127 0.000721913104430988946704 0.829789429595657934690678
2461053.60000000 -0.273514777210924042716300 0.001217759241691277350556 0.000362376529492579638712 0.961866961898870886926716
2461053.70000000 0.037964728723068288940290 0.001270640366553844099323 -0.000032837024210701746011 0.999278271437654019848651
2461053.80000000 0.345707773228168813162142 0.001198461089763382548395 -0.000424830154882614610505 0.938341365783041170267609
2461053.90000000 0.619426520226868726481939 0.001008321964874710685231 -0.000775021341421765512167 0.785053608785926115842813
2461054.00000000 0.832181775092181941211322 0.000718933738865879120271 -0.001048942244147071456775 0.554501466236449247482199
2461054.10000000 0.963034325714028027753955 0.000358776111481477852794 -0.001219630297670731356244 0.269375706547180238104033
2461054.20000000 0.999105762499982397173426 -0.000036705039269934189381 -0.001270282651204801636219 -0.042261807506400982104022
2461054.30000000 0.936845962297313983313529 -0.000428586135677473114517 -0.001195910241825251345282 -0.349739944872533237152368
2461054.40000000 0.782382487237334056651150 -0.000778296768699881244893 -0.001003829170985883357387 -0.622796941422235961205445
2461054.50000000 -0.550917516385426186964480 0.001051415897057535880910 0.000712940996763073678473 0.834558731533594722051816
2461054.60000000 -0.265231658051152896504732 0.001221059782721985783466 0.000351872736639946776319 0.964183879125578235935734
2461054.70000000 0.046558100510593607157528 0.001270528177278511684084 -0.000043840382907521540561 0.998914774699358076759381
2461054.80000000 0.353765644462244399637285 0.001194948307422642177697 -0.000435252177024495444380 0.935333230165539264433505
2461054.90000000 0.626155841273631219578988 0.001001754822401648183094 -0.000783838577581412519583 0.779696892723512835488009
2461055.00000000 0.836920251242314394701793 0.000709958439737855728953 -0.001055289258023078867790 0.547323373686527836490257
2461055.10000000 0.965315599699585580317773 0.000348275228682513946898 -0.001222884665116588795084 0.261082699989330035972301
2461055.20000000 0.998705313051994170159276 -0.000047699378971531122980 -0.001270126045941660742830 -0.050853536612190920751519
2461055.30000000 0.933803201358668455434042 -0.000438993739694942385760 -0.001192359609191544038420 -0.357784805008490636168972
2461055.40000000 0.776996881033966468876883 -0.000787095556418800600118 -0.000997234934283581109932 -0.629503163507527663256269
2461055.50000000 -0.543719112229931411661710 0.001057742326725555001565 0.000703952483648075458267 0.839266294228163345358951
2461055.60000000 -0.256928917470883311224839 0.001224293655760211535846 0.000341374235989690870754 0.966429467646524265056485
2461055.70000000 0.055148028044345320797248 0.001270353487766361262612 -0.000054816636108765282986 0.998477379913849105719237
2461055.80000000 0.361797344733768955205022 0.001191384163077787361126 -0.000445627524672409557407 0.932255900149245864128034
2461055.90000000 0.632838840391693135956075 0.000995153408471889698930 -0.000792593981924804452145 0.774282495963580563724804
2461056.00000000 0.841596813452338499139671 0.000700970239435671463486 -0.001061565437093859795570 0.540104791041448595301233
2461056.10000000 0.967525461266564246187727 0.000337784933220183194915 -0.001226066476940128064516 0.252770378926971628352760
2461056.20000000 0.998230981057639632503253 -0.000058659956356849448289 -0.001269902830883528699682 -0.059441503700396337850353
2461056.30000000 0.930691359212225788333228 -0.000449347172740658751342 -0.001188755567628113022499 -0.365803196862218127360933
2461056.40000000 0.771553793880485172529404 -0.000795824749863184230381 -0.000990606565753855000667 -0.636162816038195355616836
2461056.50000000 -0.536480484617458452945016 0.001063990475452683851995 0.000694953354499115174246 0.843911769433412617402723
2461056.60000000 -0.248607169672482447575490 0.001227448392284843188202 0.000330890555034650806366 0.968603561354671516170356
2461056.70000000 0.063733875860080502206984 0.001270106950317773054568 -0.000065753284505966900272 0.997966119451128674811002
2461056.80000000 0.369802279897960772814258 0.001187763088614121349124 -0.000455941697308516176532 0.929109603393422411876656
2461056.90000000 0.639475023195599456826699 0.000988516305399557253242 -0.000801272152357229055022 0.768810819062045291971685
2461057.00000000 0.846211115778155331668131 0.000691971934286105504197 -0.001067755625246637543602 0.532846252314654322823628
2461057.10000000 0.969663746946612947752442 0.000327311994154673836874 -0.001229161936592752238026 0.244439358297469100378407
2461057.20000000 0.997682801622000736685436 -0.000069576553175957134355 -0.001269601571712983137732 -0.068025073452953555008804
2461057.30000000 0.927510666075830769727872 -0.000459633532261115318202 -0.001185089869085529518111 -0.373794527266229636985884
2461057.40000000 0.766053628451487167438927 -0.000804469712564863598595 -0.000983939594548907583288 -0.642775406364521462165840
2461057.50000000 -0.529202169040336678484948 0.001070145041713099114469 0.000685943235072927759433 0.848494813510365375464062
2461057.60000000 -0.240267030287382138409313 0.001230509138889182996907 0.000320425443766176091219 0.970705999430985566611696
2461057.70000000 0.072315008809203537576415 0.001269775240581502749951 -0.000076642719259288198978 0.997381031149734975649324
2461057.80000000 0.377779857765354887266795 0.001184074262904617367773 -0.000466183767385570078674 0.925894572674026972158856
2461057.90000000 0.646063898771511380125787 0.000981835994905094419649 -0.000809859621320226292542 0.763282266811585397014994
2461058.00000000 0.850762816880125893881370 0.000682959877284859467536 -0.001073844779369993902851 0.525548294485778333395842
2461058.10000000 0.971730298576485962414040 0.000316856931177710802322 -0.001232155509874103193821 0.236090254399818344488438
2461058.20000000 0.997060815316959780929551 -0.000080444484217316705775 -0.001269207372489833526505 -0.076603610883961600896974
2461058.30000000 0.924261357268081673588256 -0.000469844268896447937386 -0.001181349350684456674804 -0.381758205046901832879769
2461058.40000000 0.760496791660007609436889 -0.000813018615034294313965 -0.000977223572572394165447 -0.649340445305123914465639
2461058.50000000 -0.521884703949263561995053 0.001076191744674284906172 0.000676915188674635966148 0.853015087428393270485572
2461058.60000000 -0.231909116309096247077193 0.001233460180714612787131 0.000309976028311027297906 0.972736626360502842914002
2461058.70000000 0.080890792073388687044577 0.001269342344644870494708 -0.000087483488740635977337 0.996722158313961825726324
2461058.80000000 0.385729488186291713525122 0.001180302544855258827655 -0.000476348007197167531371 0.922611045848472977048971
2461058.90000000 0.652604979694555220604002 0.000975099332668514368061 -0.000818346747384397278126 0.757697248224617814216231
2461059.00000000 0.855251580050480408878855 0.000673923914192237310909 -0.001079819997691376654014 0.518211457453434998221553
2461059.10000000 0.973724963290273026750299 0.000306413368583413853012 -0.001235031935263984897294 0.227723684916518009924147
2461059.20000000 0.996365068177000878790750 -0.000091265823469865146617 -0.001268703697420521655723 -0.085176481365272269097311
2461059.30000000 0.920943673193058032211411 -0.000479976938359292842548 -0.001177517395956294114778 -0.389693641056907735809034
2461059.40000000 0.754883694600874788349643 -0.000821464604604710746036 -0.000970443018978488463992 -0.655857447210424826522512
2461059.50000000 -0.514528630692817845471154 0.001082119755616012344440 0.000667856021226473470405 0.857472256800225429707041
2461059.60000000 -0.223534046054322504959444 0.001236287440719058012412 0.000299532403204087174699 0.974695291938933339181972
2461059.70000000 0.089460591221330196254335 0.001268791911608905349437 -0.000098281431352879619992 0.995989549707137267198220
2461059.80000000 0.393650583044007906785566 0.001176430464275225479948 -0.000486435691964276256845 0.919259265855059570782259
2461059.90000000 0.659097782074265503560184 0.000968288983754912366796 -0.000826730068436444683576 0.752056176490831784775537
2461060.00000000 0.859677073219271115078755 0.000664848111893843909774 -0.001085673245834234369386 0.510836284019910324971647
2461060.10000000 0.975647593547084190923613 0.000295967963457893226079 -0.001237779104458235730421 0.219340268786360398367563
2461060.20000000 0.995595611692610904519540 -0.000102050299175849337177 -0.001268075166322975592600 -0.093743050671370203863475
2461060.30000000 0.917557859306858514258920 -0.000490036870073664167051 -0.001173576407652692811523 -0.397600248247011456292910
2461060.40000000 0.749214752552559315468272 -0.000829808128832032303179 -0.000963579357375054352218 -0.662325929954642123043129
2461060.50000000 -0.507134493498811678158233 0.001087924499936453442278 0.000658747514181146878905 0.861865991889244953405580
2461060.60000000 -0.215142439118811451548297 0.001238981543251681596840 0.000289078050633104492902 0.976581851279380019903442
2461060.70000000 0.098023772250498436564570 0.001268110341171967006893 -0.000109050111657345974773 0.995183259544526355178107
2461060.80000000 0.401542556346113577170343 0.001172441096506548824027 -0.000496456364056886028692 0.915839480670913808069145
2461060.90000000 0.665541825572783962705614 0.000961385867709384743518 -0.000835014302473695421355 0.746359468956448779408674
2461061.00000000 0.864038969004333967660614 0.000655712593790218627350 -0.001091403949315841118844 0.503423319801414415053387
2461061.10000000 0.977498047116826862534822 0.000285501499833475244280 -0.001240391061767700088894 0.210940626246663043286134
2461061.20000000 0.994752502801143689836749 -0.000112815018152547021112 -0.001267310752332877210602 -0.102302685041690349931898
2461061.30000000 0.914104166107236215665921 -0.000500037730144685323326 -0.001169510986633252218672 -0.405477441679928884976647
2461061.40000000 0.743490384920424629555669 -0.000838058303322398155145 -0.000956613864424029789954 -0.668745414996205100877091
2461061.50000000 -0.499702839382887509245279 0.001093609746749973216096 0.000649568949015376807116 0.866195967659813437222738
2461061.60000000 -0.206734916326150292009700 0.001241540500157240455026 0.000278591774061613705379 0.978396164820297897790624
2461061.70000000 0.106579701653171529662778 0.001267289906531600222894 -0.000119809610408035428233 0.994303347483613930712920
2461061.80000000 0.409404824232599162669999 0.001168321435814512242526 -0.000506427439688351748934 0.912351943304188450767356
2461061.90000000 0.671936633456633347627474 0.000954372577545033922222 -0.000843212820197086114840 0.740607547074330962999511
2461062.00000000 0.868336944705776714314993 0.000646496789693612678232 -0.001097020333407826503738 0.495973113229806195079163
2461062.10000000 0.979276187105498796547920 0.000274991753966311079996 -0.001242870162384443867912 0.202525378708569347985247
2461062.20000000 0.993835803879662971205278 -0.000123582189782432374158 -0.001266406657368386373327 -0.110854751220385197574281
2461062.30000000 0.910582849106435721076025 -0.000510000016831509638514 -0.001165311371647392369236 -0.413324638585915782318381
2461062.40000000 0.737711015199003949938117 -0.000846232324183167328689 -0.000949531472727169569871 -0.675115427415382218789830
2461062.50000000 -0.492234218159927017222088 0.001099188033183639287907 0.000640301031266009117171 0.870461863766750387760851
2461062.60000000 -0.198312099689825854786918 0.001243971178264370461633 0.000268051472700153758152 0.980138098331233886817415
2461062.70000000 0.115127746440036093922288 0.001266331222527034873482 -0.000130583181704075186819 0.993349878619087189868253
2461062.80000000 0.417236805031451052361291 0.001164065742616016141397 -0.000516371570390134707745 0.908796911767461801368029
2461062.90000000 0.678281732618140509316618 0.000947237406708626708193 -0.000851345950332201483954 0.734800836381709232547621
2461063.00000000 0.872570682348601467381854 0.000637183874103014404218 -0.001102538855190293926381 0.488486215475958163168002
2461063.10000000 0.980981881955522827531979 0.000264418023450158036144 -0.001245227735823840886642 0.194095148743174988892335
2461063.20000000 0.992845582737534537720592 -0.000134374855332996200573 -0.001265368217659454917745 -0.119398616511607588708266
2461063.30000000 0.906994168809519107909978 -0.000519947396942467923199 -0.001160976495233300960844 -0.421141258407900453963890
2461063.40000000 0.731877070946677643625833 -0.000854352728358546390126 -0.000942324784227562147441 -0.681435495940211133358844
2461063.50000000 -0.484729182368721311924276 0.001104679103183127094126 0.000630930578666164605835 0.874663364598278869621595
2461063.60000000 -0.189874612322922575735618 0.001246289082427418440369 0.000257439152847350051327 0.981807522930775777858514
2461063.70000000 0.123667274220656292493814 0.001265244431227480594385 -0.000141392310011462468775 0.992322923473616502754169
2461063.80000000 0.425037919330013835850224 0.001159678073381497200381 -0.000526312166083874976956 0.905174649044845680556648
2461063.90000000 0.684576653635013188115011 0.000939978050558161882903 -0.000859437336962302683360 0.728939766445735437550013
2461064.00000000 0.876739868695029178624623 0.000627765365233567745537 -0.001107981700400486810287 0.480963180427951164652711
2461064.10000000 0.982615005458345347477689 0.000253766271248728714997 -0.001247482936934138841520 0.185650560022690730432871
2461064.20000000 0.991781912612628269165782 -0.000145211599233779149916 -0.001264210213452885995383 -0.127933648819270967544881
2461064.30000000 0.903338390684738534730513 -0.000529901686082539353194 -0.001156515737695917693528 -0.428926722867943310824046
2461064.40000000 0.725988983751271521605020 -0.000862443034173188648184 -0.000934997137194322437345 -0.687705152986004986104263
2461064.50000000 -0.477188287209249106801678 0.001110106544937871329848 0.000621454665495277283442 0.878800159312350337437181
2461064.60000000 -0.181423078433640194706555 0.001248516244679601311721 0.000246745831180662962556 0.983404315088653890875037
2461064.70000000 0.132197653219277899694362 0.001264048497280306814286 -0.000152251421706146514157 0.991222557997881725810885
2461064.80000000 0.432807589977782680712437 0.001155173026617898430699 -0.000536268119048210318255 0.901485423092897364405474
2461064.90000000 0.690820930779502240248746 0.000932603737367036192581 -0.000867509065846334384738 0.723024770858211485169420
2461065.00000000 0.880844195290672038467505 0.000618244474005150775227 -0.001113372664991063793263 0.473404564613989664589866
2461065.10000000 0.984175436765807543082474 0.000243033440474553074240 -0.001249659673606235213428 0.177192237278954112245088
2461065.20000000 0.990644872163104261986177 -0.000156101585011411507758 -0.001262955053352564620955 -0.136459216740467986772600
2461065.30000000 0.899615785158576652946749 -0.000539877591055981198402 -0.001151948486203352830029 -0.436680455985794802042932
2461065.40000000 0.720047189176420188161387 -0.000870522560095427270187 -0.000927563560962928299221 -0.693923934718194357351706
2461065.50000000 -0.469612090542001481274781 0.001115493044388222868349 0.000611882898725354235601 0.882871941841461227440391
2461065.60000000 -0.172958123261558849304009 0.001250677236929752245143 0.000235974970139013706617 0.984928356643133939840595
2461065.70000000 0.140718252391488524155605 0.001262768250189256731900 -0.000163163527610815385074 0.990048863560552216966926
2461065.80000000 0.440545242179246010483240 0.001150574015439231184699 -0.000546248820279704124826 0.897729506802834587020357
2461065.90000000 0.697014102106024102667448 0.000925134850742547138261 -0.000875576390381124867318 0.717056287160325878105027
2461066.00000000 0.884883358474829573303566 0.000608637108141074417364 -0.001118731945228295136460 0.465810927194251767069488
2461066.10000000 0.985663060411644531555453 0.000232229781969719040885 -0.001251781812896546938058 0.168720806219077285037500
2461066.20000000 0.989434545472892890138894 -0.000167041048661173847359 -0.001261628723710446270054 -0.144974689565963349435762
2461066.30000000 0.895826627591858493104837 -0.000549878247617813903890 -0.001147301109665507671057 -0.444401884144343339855254
2461066.40000000 0.714052126761437144786271 -0.000878601295803592245715 -0.000920048995141918004789 -0.700091381061356932136164
2461066.50000000 -0.462001152812062887420552 0.001120854927613062655342 0.000602237021575885325513 0.886878410941818628998590
2461066.60000000 -0.164480372990993606308052 0.001252793750600154605926 0.000225143516576745242623 0.986379534823489168005040
2461066.70000000 0.149228441391467153698258 0.001261429372150377680936 -0.000174117793449157369804 0.988801926959313570719701
2461066.80000000 0.448250303515818515620595 0.001145909015019261952689 -0.000556250478267696600587 0.893907177997513180400802
2461066.90000000 0.703155709438847642545056 0.000917599744601537174390 -0.000883643025439527040991 0.711034756863950900829252
2461067.00000000 0.888857059424183360007987 0.000598969996874882532056 -0.001124070708470761674469 0.458182829895818433119103
2461067.10000000 0.987077766319410243589516 0.000221378447580332490732 -0.001253867386757281888673 0.160236893522333112560574
2461067.20000000 0.988151022049626570620262 -0.000178012174964134559530 -0.001260255020850127019236 -0.153479437355209524795896
2461067.30000000 0.891971198259588371470841 -0.000559892607491756645437 -0.001142601616402654212540 -0.452090436148269547711465
2461067.40000000 0.708004239963651138545231 -0.000886675944000137354270 -0.000912483752078662433728 -0.706207035770654245609990
2461067.50000000 -0.454356037030863524339708 0.001126197096782629875761 0.000592547514410823633786 0.890819270211816949256445
2461067.60000000 -0.155990454760861901872815 0.001254878747469056555000 0.000214279905172265700084 0.987757742255962134514391
2461067.70000000 0.157727590692805452743386 0.001260052145964477704476 -0.000185089958801091923222 0.987481840412361089320825
2461067.80000000 0.455922204012361664826614 0.001141204327049847753670 -0.000566254887262528290061 0.890018719407720926284355
2461067.90000000 0.709245298447805372354935 0.000910028953922995724815 -0.000891698301997771638344 0.704960625390124828726357
2461068.00000000 0.892765004170958387241797 0.000589275760020058604963 -0.001129386781162893937241 0.450520836995106366273944
2461068.10000000 0.988419449823619955530773 0.000210511783887248492188 -0.001255923064050111937623 0.151741126765501499473743
2461068.20000000 0.986794396826535247235768 -0.000188985283388031866190 -0.001258849147832920636891 -0.161972830977247239658823
2461068.30000000 0.888049782353316330407722 -0.000569895900961708834487 -0.001137872787313582876798 -0.459745543236658171792897
2461068.40000000 -0.701903976170460186523314 0.000894728566184123581297 0.000904896644497008473436 0.712270446430476766863649
2461068.50000000 -0.446677308715123677629322 0.001131509885713623481465 0.000582847192849897453686 0.894694228132220326088486
2461068.60000000 -0.147488996598395344372889 0.001256931675064663651159 0.000203418590350230420877 0.989062876982897187794208
2461068.70000000 0.166215071580613688029260 0.001258645299818508204309 -0.000196046452673020906972 0.986088701566391945263490
2461068.80000000 0.463560376149427966208094 0.001136477430531312527232 -0.000576231847324270825619 0.886064418673759512934396
2461068.90000000 0.715282418660000751664541 0.000902447514878817981174 -0.000899717651720806951658 0.698834342066739222509852
2461069.00000000 0.896606903637733876344384 0.000579585219649682639731 -0.001134663083807347944837 0.442825515264628544187531
2461069.10000000 0.989688011676212120448781 0.000199664182782549734160 -0.001257940562621209963645 0.143234134422585229762248
2461069.20000000 0.985364770160729763759377 -0.000199924904852498490056 -0.001257412277408566023129 -0.170454242159391311517425
2461069.30000000 0.884062669958258440239263 -0.000579854160433008222579 -0.001133125205833780376266 -0.467366639141319539785258
2461069.40000000 -0.695751786630870561189965 0.000902729164745531354255 0.000897306925174815288998 0.718281164530726767836200
2461069.50000000 -0.438965535906532478005460 0.001136769438575108452302 0.000573162599878647080476 0.898502998061630919757192
2461069.60000000 -0.138976627393169960278385 0.001258936533236757479917 0.000192591496494248261284 0.990294842471365788227899
2461069.70000000 0.174690256211512795481156 0.001257201821397842863431 -0.000206952259863634699952 0.984622613491453968492806
2461069.80000000 0.471164254901256296381717 0.001131730774450840108433 -0.000586145750308819895973 0.882044568330598632854844
2461069.90000000 0.721266623512874849311061 0.000894867127081983102649 -0.000907667392080185289789 0.692656360079369148863293
2461070.00000000 0.900382473637601932203722 0.000569918457920153063816 -0.001139870214671274539081 0.435097433978472114546321
2461070.10000000 0.990883358062183194903128 0.000188862658051658149428 -0.001259896786592647286579 0.134716545776833201975009
2461070.20000000 0.983862247834759395814785 -0.000210799012091186544230 -0.001255929176510979690395 -0.178923043487574345844493
2461070.30000000 0.880010156044224722826641 -0.000589732585299115093930 -0.001128352490963266136631 -0.474953160106031557763373
2461070.40000000 -0.689548126483959800125945 0.000910642564150785250449 0.000889717430858077344517 0.724238745438832265399753
2461070.50000000 -0.431221289083443370948601 0.001141942592928674865549 0.000563505521794435953326 0.902245298280588969852545
2461070.60000000 -0.130453976844122854217289 0.001260864388277732660651 0.000181818491283613955503 0.991453547619973618587608
2461070.70000000 0.183152517633932171436939 0.001255698904960714842177 -0.000217780826587491750396 0.983083684675808755493165
2461070.80000000 0.478733277794639699997958 0.001126949146118822039572 -0.000595965173644921308166 0.877959465774294400830513
2461070.90000000 0.727197470336737095131241 0.000887281116759905852560 -0.000915513342485440684108 0.686427136484808908534205
2461071.00000000 0.904091434904494728463931 0.000560277717494216034172 -0.001144973497115531983065 0.427337164843496875032969
2461071.10000000 0.992005400591342345606449 0.000178118166137468641585 -0.001261758829451838570188 0.126188990945459295067721
2461071.20000000 0.982286941038035044115873 -0.000221588694034354828123 -0.001254370836838141411648 -0.187378608485694070351357
2461071.30000000 0.875892540437338107395249 -0.000599505568866445228901 -0.001123531392576978616207 -0.482504544927876588555904
2461071.40000000 -0.683293454676341172060461 0.000918438136478426695418 0.000882112150479001547003 0.730142748471395930387473
2461071.50000000 -0.423445141172225980596977 0.001146995682218712123840 0.000553868201769938651134 0.905920851977771612872914
2461071.60000000 -0.121921675444222971096409 0.001262680702538951024727 0.000171100563000727348955 0.992538906753061445087383
2461071.70000000 0.191601229833322422857478 0.001254103361290310070936 -0.000228522480610675895974 0.981472029009606283800338
2461071.80000000 0.486266884910117491713777 0.001122102840815158856028 -0.000605672370381178551239 0.873809413250710487197637
2461071.90000000 0.733074520412092756060929 0.000879665185259395025069 -0.000923230802853642978055 0.680147132138320231753426
2461072.00000000 0.907733513096695920907564 0.000550645693222354408632 -0.001149942845994200409446 0.419545281967848626702988
2461072.10000000 0.993054056300888943198402 0.000167421547155210416989 -0.001263493142392759990833 0.117652100784917321152356
2461072.20000000 0.980638966354934749070082 -0.000232294326457984853795 -0.001252702404617667998610 -0.195820311617554615457593
2461072.30000000 0.871710127794782518861894 -0.000609164624642459648016 -0.001118628014802608774958 -0.490020234979507862682624
2461072.40000000 -0.676988233970732600219833 0.000926099029409431159787 0.000874460370150859371725 0.735992736869187758053101
2461072.50000000 -0.415637667464032634079274 0.001151904537460724615647 0.000544225148618764716264 0.909529387276498790804169
