2460279.50000000 0.822687335621776538729932 -0.000642686358020794928393 -0.000958775370194486537163 -0.568492933562999569474528
2460279.60000000 -0.606064254757260556516485 0.000908490308023514542626 0.000712109187685610158305 0.795414851917440435258300
2460279.70000000 -0.329792785902347618254282 0.001084892796016633745998 0.000395347485521385189153 0.944052638931943466360508
2460279.80000000 -0.021063360642824411478324 0.001154528806820404908395 0.000039662930198011310252 0.999777475405487225934564
2460279.90000000 0.289739106089223708018210 0.001110540583133960744824 -0.000319939849839498023296 0.957104965372317484373355
2460280.00000000 0.572025667958890315922815 0.000957252947835198473615 -0.000648069266586114435362 0.820234904688096011504683
2460280.10000000 0.798013893910441862722394 0.000709748062631020007821 -0.000912429996516061375157 0.602637941764820328494068
2460280.20000000 0.945462192768572684542505 0.000392381432209224325410 -0.001087001583371045897522 0.325729805988374088165926
2460280.30000000 0.999858813858843342714522 0.000036385178380683167777 -0.001154599580352713662432 0.016763589244794506460945
2460280.40000000 0.955850083168347630646622 -0.000323205570949188609412 -0.001108567142838830579810 -0.293852488714546222769997
2460280.50000000 0.817767306389413084488638 -0.000651000670475763336745 -0.000953430553046296595104 -0.575547825787217526283257
2460280.60000000 -0.599200486536442755713949 0.000914738018575894738099 0.000704454132524428037684 0.800598178821737005428361
2460280.70000000 -0.321660805586949372081307 0.001088458865430930741849 0.000386138306227471069486 0.946854261385180029364506
2460280.80000000 -0.012463511625913799990562 0.001155062855213493441114 0.000029808608935391215982 0.999921659840835364008171
2460280.90000000 0.297960433150416093006640 0.001107991315775889171538 -0.000329467116738264842457 0.954577521253826222213945
2460281.00000000 0.579059336236613431125875 0.000951873096527099680011 -0.000656329919116736804595 0.815284581164967603328364
2460281.10000000 0.803167655073288133671383 0.000702069365373573237368 -0.000918609712758824970003 0.595751945945911298707642
2460281.20000000 0.948228817513810495754001 0.000383162125570894978970 -0.001090491509879798178242 0.317585852410064983786242
2460281.30000000 0.999966013078215754106282 0.000026535183694150300067 -0.001155056290030354124859 0.008163199676694803813559
2460281.40000000 0.953287306379996035587965 -0.000332714390176200606672 -0.001105946417872222730869 -0.302062870406221040120442
2460281.50000000 0.812786780157408572655697 -0.000659230333973189722326 -0.000947991670806540547706 -0.582560140009584448428370
2460281.60000000 -0.592292390496644727271303 0.000920876894193656779508 0.000696734238430367857318 0.805722278894150156780540
2460281.70000000 -0.313505029367093512870923 0.001091901663028522649276 0.000376899404836006065092 0.949585837225234929981355
2460281.80000000 -0.003862740567870925987443 0.001155470269568693994153 0.000019962401253755156840 0.999991871829425171824823
2460281.90000000 0.306159717625633209792113 0.001105323444323394552896 -0.000338949139706746019329 0.951979459167357267013188
2460282.00000000 0.586050166731923338758747 0.000946393342640716598094 -0.000664512265555722942897 0.810273944315159977413998
2460282.10000000 0.808261999307006262505126 0.000694318445576534303172 -0.000924685122032471544518 0.588821877442602725771792
2460282.20000000 0.950925293960563244866080 0.000373904744613739797518 -0.001093860539134447256923 0.309418404381504419387028
2460282.30000000 0.999999236569760863169165 0.000016684633900731732321 -0.001155386413505136815327 -0.000437793795583180404482
2460282.40000000 0.950654007073833073881985 -0.000342186274298152733747 -0.001103204815890180710489 -0.310250906012809080092296
2460282.50000000 0.807746125386681224078700 -0.000667388992472997544247 -0.000942448477873091276964 -0.589529357458194791519190
2460282.60000000 -0.585340477718297225173671 0.000926917187742970017164 0.000688935929977880839523 0.810786773039496311277219
2460282.70000000 -0.305326060593438419754619 0.001095227268130783250880 0.000367614944168123453008 0.952247164374141807918761
2460282.80000000 0.004738316239894155117163 0.001155752498382597035290 0.000010107452035902265392 0.999988106175701441102888
2460282.90000000 0.314336352936042118244586 0.001102533691441439202621 -0.000348402469170694200316 0.949310971314280216404313
2460283.00000000 0.592997642253701329195792 0.000940805958931275926500 -0.000672631253814196254821 0.805203364829259027324326
2460283.10000000 0.813296549725136430630812 0.000686483752169548969504 -0.000930668399443666241252 0.581848248945593282677180
2460283.20000000 0.953551422618993504976004 0.000364594841826895612984 -0.001097117123753893301596 0.301228066131843497110765
2460283.30000000 0.999958481871286775088947 0.000006817340387233428734 -0.001155594027818796767568 -0.009038754852928366362308
2460283.40000000 0.947950380056117425375817 -0.000351637861933737241957 -0.001100341734278706753991 -0.318415989783739805663032
2460283.50000000 0.802645714988438507830892 -0.000675492411031488552281 -0.000936795761262677927420 -0.596454962536036470410750
2460283.60000000 -0.578345262491002154447983 0.000932872541109018658251 0.000681049820500924992656 0.815791286588461228568292
2460283.70000000 -0.297124504360546159986711 0.001098446124000068344073 0.000358272132260305058420 0.954838045935179402512460
2460283.80000000 0.013339022484711970939486 0.001155915971190643294977 0.000000228601119006547993 0.999910363151128023240233
2460283.90000000 0.322489734168388053614507 0.001099623982725134001270 -0.000357843412140423239049 0.946572255103013460164618
2460284.00000000 0.599901248818563881393118 0.000935108239625116548742 -0.000680703031486187522606 0.800073217825311933104615
2460284.10000000 0.818270933867936256511655 0.000678558191416746064525 -0.000936574247668421925803 0.574831576354185025401478
2460284.20000000 0.956107009194957946363047 0.000355221527621748232352 -0.001100273359927838971728 0.293015443593154290002900
2460284.30000000 0.999843751988114814999165 -0.000003080491927887876903 -0.001155687677340355322061 -0.017639047210252872116554
2460284.40000000 0.945176625332778574950510 -0.000361084738847832864388 -0.001097361510203401918639 -0.326557517659109119989580
2460284.50000000 0.797485926282413992716158 -0.000683556718260746329699 -0.000931033335012424216257 -0.603336442880817114264858
2460284.60000000 -0.571307262322240050345101 0.000938758345524755549033 0.000673071245986170798095 0.820735449292413266064727
2460284.70000000 -0.288900967417538567794111 0.001101571673829331281941 0.000348862225418810863783 0.957358290223585761680170
2460284.80000000 0.021938741892911339803618 0.001155971136785571146133 -0.000009686258850458776264 0.999758648495083890317403
2460284.90000000 0.330619258124861759018387 0.001096600970748164019866 -0.000367286466174820893250 0.943763513134270093374312
2460285.00000000 0.606760475696561218938996 0.000929302543382145391712 -0.000688743334959747237865 0.794883882816437514762242
2460285.10000000 0.823184783718363455307099 0.000670539669324225870613 -0.000942418404415313075081 0.567772378755908246894535
2460285.20000000 0.958591864614958821810831 0.000345778443398118225018 -0.001103343760026700114130 0.284781144325698787334034
2460285.30000000 0.999655055393910862981954 -0.000013018970273607589699 -0.001155679527502522950175 -0.026238034613634893255085
2460285.40000000 0.942332948093439703995955 -0.000370539960646553811607 -0.001094273030157722013250 -0.334674887321725011979368
2460285.50000000 0.792267140969093119906574 -0.000691596897899454275335 -0.000925166132878010513685 -0.610173289403481255988027
2460285.60000000 -0.564226997868157997828575 0.000944590352276429958203 0.000665000819935517711867 0.825618895374344519133558
2460285.70000000 -0.280656058120375417885839 0.001104619224403830413800 0.000339381480027003696719 0.959807710781975575997649
2460285.80000000 0.030536838257640721433495 0.001155931685101204515684 -0.000019644935148297726753 0.999532973415532599581468
2460285.90000000 0.338724323386431602767033 0.001093475682948589610549 -0.000376742903158886659545 0.940884953180636363079259
2460286.00000000 0.613574815431586206848635 0.000923396392824732533886 -0.000696766042571286370148 0.789635743696878500408332
2460286.10000000 0.828037735739170277504684 0.000662431625723614091010 -0.000948216302123438886315 0.560671178376085377337290
2460286.20000000 0.961005805036986071598903 0.000336264674013029164074 -0.001106344142231414570676 0.276525777484752655066558
2460286.30000000 0.999392406030933488914059 -0.000023003311950405204461 -0.001155584583859414456522 -0.034835080916682442664367
2460286.40000000 0.939419558687904387994649 -0.000380012673170624162844 -0.001091089346398268523919 -0.342767498267610826179208
2460286.50000000 0.786989745122096184815064 -0.000699625356777477296413 -0.000919204254215861648984 -0.616964996300436663290157
2460286.60000000 -0.557104992911543250855289 0.000950383315760302085397 0.000656844903468849065399 0.830441263545383501210040
2460286.70000000 -0.272390386420690244762000 0.001107604783709538985581 0.000329832006132246141616 0.962186126384964923730081
2460286.80000000 0.039132675501457596378696 0.001155813681800595257507 -0.000029649770165576387658 0.999233354589094124875714
2460286.90000000 0.346804330348423450747219 0.001090263031088256487702 -0.000386219390660220735379 0.937936788175137703404971
2460287.00000000 0.620343763904493528116291 0.000917402406701340678366 -0.000704781697343121425747 0.784329188695553791710324
2460287.10000000 0.832829430902868650399284 0.000654243403573963517618 -0.000953981616282740456196 0.553528500536466294690285
2460287.20000000 0.963348651861106741733920 0.000326685533888829095130 -0.001109290328794132517512 0.268249953790383799390185
2460287.30000000 0.999055823310017188099152 -0.000033032695580649826066 -0.001155419655611848207821 -0.043429550127269254955475
2460287.40000000 0.936436672630946098649929 -0.000389506685823926045512 -0.001087827003323263517359 -0.350834751796967381221037
2460287.50000000 0.781654129134227604325247 -0.000707650330619782950807 -0.000913162725107320239273 -0.623711061126618226957419
2460287.60000000 -0.549941774305323649585375 0.000956149360073139812158 0.000648615841083867872979 0.835202197045306848899315
2460287.70000000 -0.264104563783617463101905 0.001110543526032684068586 0.000320222480842291220594 0.964493361065244525498485
2460287.80000000 0.047725617730025524099169 0.001155634268572370941530 -0.000039696486378663406035 0.998859814160909298408342
2460287.90000000 0.354858681263340081102342 0.001086980871505602037203 -0.000395716469923520889913 0.934919236197815584077375
2460288.00000000 0.627066820344062247905015 0.000911337822024249470144 -0.000712795727574810195591 0.778964610369842880288616
2460288.10000000 0.837559514713911212879793 0.000645990302123751729962 -0.000959724366469451696873 0.546344873625966398478226
2460288.20000000 0.965620231752949087500326 0.000317053179676058023446 -0.001112196283844778168376 0.259954285453647959691637
2460288.30000000 0.998645332111305572553306 -0.000043099106100201163647 -0.001155201693037696906302 -0.052020806447686147866438
2460288.40000000 0.933384510565805736170830 -0.000399018838814922205491 -0.001084504730483107403163 -0.358876051121956807232749
2460288.50000000 0.776260687701075924316285 -0.000715673882510092134249 -0.000907060682280496537525 -0.630410984819498754205824
2460288.60000000 -0.542737871952544859155410 0.000961895755931758966728 0.000640331737161066081275 0.839901343658737586927998
2460288.70000000 -0.255799203176607148346733 0.001113447522036377932211 0.000310568574886076946649 0.966729244119374886423657
2460288.80000000 0.056315029260759534579517 0.001155409535185767484419 -0.000049773103882967928121 0.998412379746193012763911
2460288.90000000 0.362886780290503085932841 0.001083648206704928987701 -0.000405226866368255469759 0.931832520460486923852272
2460289.00000000 0.633743487398466087689997 0.000905223195577498128753 -0.000720806252436495369096 0.773542405553026890530077
2460289.10000000 0.842227637247386140550987 0.000637692916575793270102 -0.000965448366231443219285 0.539120829047990635096710
2460289.20000000 0.967820376652148151030985 0.000307386681294595975802 -0.001115071393596118185312 0.251639386157532340959619
2460289.30000000 0.998160962785032412902808 -0.000053186493657012175185 -0.001154945107093221330283 -0.060608214333586457600589
2460289.40000000 0.930263298268247162958744 -0.000408537412658175203960 -0.001081141017687351456311 -0.366890801364607277434970
2460289.50000000 0.770809819794653572344600 -0.000723689643884915128659 -0.000900919409964276093894 -0.637064271737998510936052
2460289.60000000 -0.535493818768842055888513 0.000967622129578370399408 0.000632015134658484110247 0.844538355744817836878724
2460289.70000000 -0.247474918971584356697235 0.001116322599139656177730 0.000300892412342810753028 0.968893610138517269447789
2460289.80000000 0.064900274693785120483369 0.001155151249648840540082 -0.000059859612853917751102 0.997891084430931440962809
2460289.90000000 0.370888033546296624898275 0.001080282023468408757194 -0.000414734268215026567837 0.928676869292002882261272
2460290.00000000 0.640373271154915935099439 0.000899079591385692588994 -0.000728802005237379831211 0.768062975343357101642994
2460290.10000000 0.846833453164475669083799 0.000629374902435625720350 -0.000971148393508072934818 0.531856901204709964225970
2460290.20000000 0.969948923795761586141850 0.000297710560326281325691 -0.001117917045549993637285 0.243305870987481354106308
2460290.30000000 0.997602751154650024822956 -0.000063271308995305861772 -0.001154657969260433972303 -0.069191138522506245855936
2460290.40000000 0.927073266619642732955242 -0.000418041642866466783921 -0.001077750185255546078525 -0.374878409640385490408931
2460290.50000000 0.765301928643917439565314 -0.000731681280397315694092 -0.000894758552990147977037 -0.643670429694377377316528
2460290.60000000 -0.528210150620371465812752 0.000973317923666408893989 0.000623689648714710067300 0.849112890282891386029007
2460290.70000000 -0.239132326963338193159814 0.001119164913804345960410 0.000291219889375400641570 0.970986299008180342440255
2460290.80000000 0.073480718920000645533186 0.001154862727353814537065 -0.000069929737251735681514 0.997295966776445053092459
2460290.90000000 0.378861849137820283495159 0.001076892704732978220741 -0.000424213989816777856372 0.925452516130384816861465
2460291.00000000 0.646955681165643059493675 0.000892923828686345349634 -0.000736761779017561018942 0.762526725089697987591819
2460291.10000000 0.851376621756268714413807 0.000621058383165664089527 -0.000976808379154813681902 0.524553627437920333420607
2460291.20000000 0.972005715724880037242883 0.000288050690770846862764 -0.001120723606570415975536 0.234954356425229410332278
2460291.30000000 0.996970738517444554638303 -0.000073325789661025404928 -0.001154337914597116645718 -0.077768944103286552493870
2460291.40000000 0.923814651607930192867002 -0.000427503909948643103824 -0.001074337432669774435728 -0.382838285067729655608559
2460291.50000000 0.759737421697979864454453 -0.000739623362868429222970 -0.000888590606868568610131 -0.650228970006043405227558
2460291.60000000 -0.520887406317449008774645 0.000978961806570860862409 0.000615374252962399529050 0.853624608881278224004063
2460291.70000000 -0.230772044303860585090504 0.001121958853154936394322 0.000281575148201715006174 0.973007155930118883269131
2460291.80000000 0.082055727222056770719938 0.001154535284988526854313 -0.000079955871407093065829 0.996627070816885285431397
2460291.90000000 0.386807637207826626735141 0.001073479204261411617399 -0.000433636935962666847117 0.922159699509090824420809
2460292.00000000 0.653490230518035009055211 0.000886762648232595021049 -0.000744657084748094524190 0.756934064337648981890538
2460292.10000000 0.855856806952296045309936 0.000612757467205141018000 -0.000982402501737419898628 0.517211548021269562624980
2460292.20000000 0.973990600307443443739430 0.000278427591572046864623 -0.001123469797457633551768 0.226585460270669114546394
2460292.30000000 0.996264971645717367643158 -0.000083324429533140545586 -0.001153969756457776975334 -0.086340996532640684746340
2460292.40000000 0.920487694312311366395818 -0.000436895504449375741540 -0.001070894779851347964131 -0.390769838812931424865127
2460292.50000000 0.754116710605054252347657 -0.000747485991662655193529 -0.000882415397213066584128 -0.656739407522772378200671
2460292.60000000 -0.513526127585912539608159 0.000984524784531935152204 0.000607076623193936355805 0.858073177797248454190537
2460292.70000000 -0.222394689441292425780006 0.001124678358137663021152 0.000271973205559545736995 0.974956031437886228019352
2460292.80000000 0.090624665247823379954362 0.001154147616706798157651 -0.000089916679610914146317 0.995884446061208294942446
2460292.90000000 0.394724809964571710096948 0.001070026452072909235388 -0.000442976910325172375336 0.918798663044777530473084
2460293.00000000 0.659976435820676332610901 0.000880588263060920234566 -0.000752458654248500981299 0.751285406840241476444930
2460293.10000000 0.860273677350373411343298 0.000604472194786230760180 -0.000987900413755234824142 0.509831206110155310540222
2460293.20000000 0.975903430737196986299864 0.000268849139840543374484 -0.001126126249478334988979 0.218199801637891571681749
2460293.30000000 0.995485502781877862332749 -0.000093252034195636266333 -0.001153527088803949548351 -0.094906661673855793881494
2460293.40000000 0.917092640875476816653133 -0.000446194922914669239115 -0.001067400561280268172712 -0.398672484149287909005466
2460293.50000000 0.748440211199303040423558 -0.000755242779185140932462 -0.000876217455150419405330 -0.663201260637100942219035
2460293.60000000 -0.506126859005007645464502 0.000989977329819727259672 0.000598788529137629600349 0.862458267970365621835072
2460293.70000000 -0.214000882128109554125572 0.001127292707549753603483 0.000262413633566584364801 0.976832781390071902549721
2460293.80000000 0.099186899088402807889153 0.001153669830067479773819 -0.000099804734521510531575 0.995068147482279230509050
2460293.90000000 0.402612781733546309936855 0.001066507352308974487104 -0.000452219088582819913821 0.915369655409401072887476
2460294.00000000 0.666413817265069985396053 0.000874378162435879074596 -0.000760145204125218620743 0.745581170496997014396356
2460294.10000000 0.864626906232767389326455 0.000596186136900734306790 -0.000993275729858581618581 0.502413147701475049089481
2460294.20000000 0.977744065540966933447464 0.000259306098844766573595 -0.001128663166106111523032 0.209798000893390929055826
2460294.30000000 0.994632389626044499664204 -0.000103109994159630627138 -0.001152978623007670441747 -0.103465305852049355150868
2460294.40000000 0.913629742499023955737414 -0.000455395555376817925443 -0.001063824024425248822301 -0.406545636446986269341153
2460294.50000000 0.742708343448410968079543 -0.000762879473812063096244 -0.000869968575261204166843 -0.669614051331866244609614
2460294.60000000 -0.498690147989240495363106 0.000995298403554993604825 0.000590486179982883940820 0.866779555022594738744601
2460294.70000000 -0.205591243346628704813384 0.001129775377781119067785 0.000252878660544976518239 0.978637266978324316113458
2460294.80000000 0.107741795321689010078714 0.001153071591732690278145 -0.000109630552640205928563 0.994178235502847340576693
2460294.90000000 0.410470968967188376552713 0.001062889709311321071589 -0.000461365949624890805784 0.911872930315209551110911
2460295.00000000 0.672801898629863615042268 0.000868100388661396807702 -0.000767710906116338001950 0.739821777336337471631111
2460295.10000000 0.868916171565335404558539 0.000587869694454684925053 -0.000998514586537430429147 0.494957921615185814090410
2460295.20000000 0.979512368576646252904538 0.000249773231027439321286 -0.001131059456973330717630 0.201380679616603747161818
2460295.30000000 0.993705695321411064391270 -0.000112917435212349424965 -0.001152297346738971346031 -0.112016295894470138683197
2460295.40000000 0.910099255394064554636202 -0.000464509041612904142928 -0.001060133962357710226895 -0.414388713260970487084478
2460295.50000000 0.736921531430600906809048 -0.000770399333665205987044 -0.000863635400796843272046 -0.675977305190123223255227
2460295.60000000 -0.491216544734512483572075 0.001000482539231217424258 0.000582136300676607443445 0.871036719278037163682882
2460295.70000000 -0.197166395266434896216268 0.001132112425955633617722 0.000243337362948606056746 0.980369354725892039326141
2460295.80000000 0.116288721027439451161101 0.001152331320649577998255 -0.000119420554707177901358 0.993214775983880304721652
2460295.90000000 0.418298790305396184230347 0.001059145688650289405738 -0.000470437532828452673918 0.908308746477517914286182
2460296.00000000 0.679140207316380695168334 0.000861722701108101575215 -0.000775167952439423878740 0.734007653471169141390362
2460296.10000000 0.873141156036691623576473 0.000579488409290233072273 -0.001003620390724484440562 0.487466079408352126467463
2460296.20000000 0.981208209034719058827534 0.000240216240975497631821 -0.001133309412893530225899 0.192948460549576733535915
2460296.30000000 0.992705488440786987247577 -0.000122706087027584615726 -0.001151468748107699812885 -0.120558999175197856246200
2460296.40000000 0.906501440774191147298211 -0.000473562294997796444374 -0.001056308007664631893122 -0.422201134325855931272997
2460296.50000000 0.731080203273042017464434 -0.000777822525925255447640 -0.000857189231027724791480 -0.682290551451754656575588
2460296.60000000 -0.483706602169669153123976 0.001005541695933560766146 0.000573705850617902161567 0.875229445782370718553977
2460296.70000000 -0.188726961179632030107811 0.001134306723743279355851 0.000233754682871262843861 0.982028916494085302169026
2460296.80000000 0.124827043883773386445668 0.001151442575698243117252 -0.000129209333848129319594 0.992177840208009031996994
2460296.90000000 0.426095666624850821779802 0.001055259986804762050924 -0.000479465509198250504352 0.904677367585973168928604
2460297.00000000 0.685428274404531912011862 0.000855222029578035758922 -0.000782542843453565783139 0.728139229040813629190154
2460297.10000000 0.877301547058562447567454 0.000571013104899568946747 -0.001008612601326950349717 0.479938175365178854026027
2460297.20000000 0.982831461447358001315422 0.000230601945913776814213 -0.001135424098318850785749 0.184501967533550942368592
2460297.30000000 0.991631842976754107610304 -0.000132510757699374695376 -0.001150494761384381276273 -0.129092783674677025196331
2460297.40000000 0.902836564802941943241876 -0.000482589267167104639302 -0.001052338897154434177797 -0.429982321665487277062567
2460297.50000000 0.725184791130399575287413 -0.000785179749324575694189 -0.000850614205350578092557 -0.688553323033688213783421
2460297.60000000 -0.476160875887076506796092 0.001010501185918852165915 0.000565171586379497421435 0.879357424340316162769682
2460297.70000000 -0.180273565456866818879078 0.001136376480467928820270 0.000224101724053402996412 0.983615829490366966325610
2460297.80000000 0.133356132196259191680099 0.001150415283386024833945 -0.000139029330638302069849 0.991067504875839278000171
2460297.90000000 0.433861021086212661490578 0.001051233679885391200312 -0.000488483539046687662878 0.900979062283460918614253
2460298.00000000 0.691665634667106177246865 0.000848590671961515921953 -0.000789868093058116978525 0.722216938199424673960891
2460298.10000000 0.881397036827725854912785 0.000562427991440483964793 -0.001013520350596491467754 0.472374766390110945035730
2460298.20000000 0.984382005702303941596654 0.000220907710565537783020 -0.001137427316378173541844 0.176041825450757583038097
2460298.30000000 0.990484838336295525529351 -0.000142359238745740459327 -0.001149392331043012395464 -0.137617018048954070641443
2460298.40000000 0.899104898591051138190267 -0.000491620902822717639920 -0.001048235699613604470989 -0.437731699605994839519241
2460298.50000000 0.719235731136580569433647 -0.000792502934868386638666 -0.000843911066238237149266 -0.694765156588159182859954
2460298.60000000 -0.468579924114295998105462 0.001015391750706864113299 0.000556526051392609356384 0.883420349536359283959541
2460298.70000000 -0.171806833487382487613004 0.001138349211774833651817 0.000214363506898776988701 0.985129976285383790468586
2460298.80000000 0.141875354986782720168037 0.001149271968173954305489 -0.000148901888222849223924 0.989883852100432726217605
2460298.90000000 0.441594279189284899533874 0.001047082913957187886786 -0.000497517780401239453729 0.897214104146994984034791
2460299.00000000 0.697851826646126105480050 0.000841837463671131339994 -0.000797172851636951027531 0.716241219053412980777296
2460299.10000000 0.885427322328656840610961 0.000553734160249042071250 -0.001018373811810905325836 0.464776412016274620420120
2460299.20000000 0.985859727058299495361382 0.000211126957910438264789 -0.001139348276945668534885 0.167568660181700440636732
2460299.30000000 0.989264559342037497202682 -0.000152265212009997048586 -0.001148187825264192435740 -0.146131071677016444176900
2460299.40000000 0.895306718180903016168770 -0.000500676986915951226405 -0.001044020284057791715659 -0.445448694827934310591644
2460299.50000000 0.713233463367714315417345 -0.000799816604138862160926 -0.000837095841986523520224 -0.700925592552993470540912
2460299.60000000 -0.460964307674526951874583 0.001020241008708569745850 0.000547778481067998112598 0.887417920766041312674588
2460299.70000000 -0.163327391616881006930484 0.001140253823978641970968 0.000204541960054155185205 0.986571244832867288998557
2460299.80000000 0.150384081993323259762718 0.001148040956929761470529 -0.000158832436906101791925 0.988626969416113388078315
2460299.90000000 0.449294868827347926298899 0.001042833622506041677327 -0.000506580615909659175838 0.893382771671301867399961
2460300.00000000 0.703986392681016037720099 0.000834984291732648008233 -0.000804475616575326085526 0.710212513646090504160213
2460300.10000000 0.889392105376882735612298 0.000544948057650489051974 -0.001023196380133456267689 0.457143674344970107892294
2460300.20000000 0.987264516167360439702350 0.000201269641830577415004 -0.001141213749400447376170 0.159083098530866801079142
2460300.30000000 0.987971096236582968508344 -0.000162225859958945118006 -0.001146909647986523155677 -0.154634314696833224944683
2460300.40000000 0.891442304517627404081281 -0.000509762031654501044514 -0.001039720837512722421969 -0.453132736446084372072818
2460300.50000000 0.707178431840165155897182 -0.000807132324234464699347 -0.000830194652352541804727 -0.707034175166690315172957
2460300.60000000 -0.453314589930777389614747 0.001025066848871514137848 0.000538951194310822393613 0.891349842275758863507917
2460300.70000000 -0.154835867124897358371172 0.001142113374559165957234 0.000194654096942568308757 0.987939528482461359892852
2460300.80000000 0.158881683772402665377754 0.001146748967616889125845 -0.000168810442958595155949 0.987296949773030729780032
2460300.90000000 0.456962220331162294328919 0.001038514411598090176475 -0.000515668751126622647990 0.889485348256581653814123
2460301.00000000 0.710068878931078950600408 0.000828059724657579190356 -0.000811780617420590792574 0.704131267948096994935270
2460301.10000000 0.893291092659539653908496 0.000536096261115533178655 -0.001027999587945171424894 0.449477117985262186738993
2460301.20000000 0.988596269081726597427462 0.000191358499954395381128 -0.001143041843845754579334 0.150585768233932076887172
2460301.30000000 0.986604544679075101676347 -0.000172223898864513820820 -0.001145581295033197425162 -0.163126118082493914984710
2460301.40000000 0.887511943454512564066761 -0.000518865467413658532254 -0.001035364653717938060798 -0.460783256015032227637107
2460301.50000000 -0.701071084452357662364363 0.000814447048007582653957 0.000823236707459055723837 0.713090452538416075256578
2460301.60000000 -0.445631336757410900784038 0.001029874033827418364218 0.000530073269495243007757 0.895215823185210424206559
2460301.70000000 -0.146332888167037739046705 0.001143940168818203964932 0.000184726793208790960677 0.989234725996434582917516
2460301.80000000 0.167367531722288576112589 0.001145415033164869610116 -0.000178813176915187439396 0.985893891539592504003053
2460301.90000000 0.464595766496933015865523 0.001034149726545742888420 -0.000524765272942217500703 0.885522122201606309843669
2460302.00000000 0.716098835443770398434538 0.000821091891623999272330 -0.000819078024935635364348 0.697997931798293058669458
2460302.10000000 0.897123995729076750826891 0.000527208562915131538629 -0.001032781452101841183910 0.441777310078582730046293
2460302.20000000 0.989854887273631800503892 0.000181422821038221661685 -0.001144838613877404874183 0.142077297871474050872109
2460302.30000000 0.985165005749772060283931 -0.000182232694305338292383 -0.001144216451853683142251 -0.171605853646229739029039
2460302.40000000 0.883515925727797579725120 -0.000527965285498712701660 -0.001030972071576326254405 -0.468399687589727053982358
2460302.50000000 -0.694911872992858947739592 0.000821745031300207678937 0.000816247515058189654358 0.719093976645600929664681
2460302.60000000 -0.437915116518762304043122 0.001034654260686329379712 0.000521173500705245703463 0.899015577502789042796394
2460302.70000000 -0.137819083750889331829725 0.001145733964681965076984 0.000174789990336750983551 0.990456741557072750659074
2460302.80000000 0.175840998095738415551992 0.001144046982652288223931 -0.000188811781597305803054 0.984417898503958332945274
2460302.90000000 0.472194942637370163041055 0.001029754864640304145434 -0.000533844560195900199803 0.881493386680892276885402
2460303.00000000 0.722075816149722715664439 0.000814102386893640530413 -0.000826347357843309517078 0.691812958911868669531486
2460303.10000000 0.900890531054399201771332 0.000518311205451405378024 -0.001037528138470913356001 0.434044820202881875825796
2460303.20000000 0.991040277639649636043373 0.000171491498714375475900 -0.001146597865672209330679 0.133558316849133912329606
2460303.30000000 0.983652585939120860381024 -0.000192222889031692641213 -0.001142816968029810881929 -0.180072894114191250913848
2460303.40000000 0.879454546949477111716931 -0.000537033870816763228215 -0.001026552768809700167188 -0.475981467741630082102233
2460303.50000000 -0.688701253084719855479534 0.000829002452206668719384 0.000809243769123693082630 0.725044303390030231426522
2460303.60000000 -0.430166500027744924672390 0.001039389237775516011339 0.000512274259473610086950 0.902748824146866413187240
2460303.70000000 -0.129295083678211825128912 0.001147483291845896981667 0.000164869983316563180733 0.991605484775208156911219
2460303.80000000 0.184301456078662939663815 0.001142640918075937426709 -0.000198778064571660450718 0.982869079860557604000348
2460303.90000000 0.479759186610148935514530 0.001025333661782822569294 -0.000542878658108514192474 0.877399439728772101432241
2460304.00000000 0.727999378915258121836018 0.000807102351675181026516 -0.000833562974850237683143 0.685576806825395568267822
2460304.10000000 0.904590420013663409903870 0.000509421662900676219289 -0.001042218176018276046962 0.426280220383169261566536
2460304.20000000 0.992152352504287904366720 0.000161586912552622193311 -0.001148303798122388315328 0.125029455361175628747006
2460304.30000000 0.982067397145208853537213 -0.000202168958665703319029 -0.001141373749166899303348 -0.188526613128629866311670
2460304.40000000 0.875328107569580571301060 -0.000546044503381585199717 -0.001022104865873168762572 -0.483528035624872454256717
2460304.50000000 -0.682439684174743876887703 0.000836193378612202077409 0.000802230762482397880345 0.730940992604235173502047
2460304.60000000 -0.422386060493417869743382 0.001044055687742635957563 0.000503387439550287765777 0.906415286967974465071052
2460304.70000000 -0.120761518516227087105541 0.001149169142112614009493 0.000154984228115791574818 0.992680870690815231327520
2460304.80000000 0.192748279793283849858909 0.001141183351740004568373 -0.000208690418970419700687 0.981247550205979868209738
2460304.90000000 0.487287938859594371709960 0.001020878961013245130388 -0.000551843474421374576358 0.873240584212873316438674
2460305.00000000 0.733869085546481447757117 0.000800091287600978359057 -0.000840700086154828061039 0.679289936886911416280554
2460305.10000000 0.908223388926102326301759 0.000500545937222709839964 -0.001046827853642774480356 0.418484085016832429992917
2460305.20000000 0.993191029620935306176932 0.000151720952397908792359 -0.001149935417110031559904 0.116491344354179737763388
2460305.30000000 0.980409556656256953033335 -0.000212054129640107554260 -0.001139869908895690432671 -0.196966385320841957939919
2460305.40000000 0.871136912871314228468123 -0.000554976834932859280740 -0.001017616641088595237641 -0.491038832975217998111361
2460305.50000000 -0.676127629497430104876798 0.000843295398524350654779 0.000795202602744329660987 0.736783608079902174736731
2460305.60000000 -0.414574373500490755972692 0.001048630736603975129387 0.000494513221302428666523 0.910014694753062292065238
2460305.70000000 -0.112219019571679554103660 0.001150769760776513238321 0.000145138800996105901209 0.993682819771835590394460
2460305.80000000 0.201180844385400681151310 0.001139655104871491967528 -0.000218537441824278428314 0.979553429517575735552271
2460305.90000000 0.494780642425297234598958 0.001016375400438573276679 -0.000560723188931072668607 0.869017127823900836780524
2460306.00000000 0.739684501845962016908231 0.000793058601479381731526 -0.000847739633430982277018 0.672952814188206183132479
2460306.10000000 0.911789169050298831109558 0.000491678814364438247428 -0.001051336238749305635951 0.410656990864888604697569
2460306.20000000 0.994156232175152587693390 0.000141894022670329447407 -0.001151471371707690717276 0.107944615459594606132754
2460306.30000000 0.978679187139205430945310 -0.000221872516770024768218 -0.001138285130375785636145 -0.205391586341141629823426
2460306.40000000 0.866881272936455671285216 -0.000563819997469400171347 -0.001013070167854030617649 -0.498513304162942538777514
2460306.50000000 -0.669765556017494545493207 0.000850293481060229315756 0.000788144928286521498188 0.742571717614208592905811
2460306.60000000 -0.406732016960343223388463 0.001053096275152510261433 0.000485641728607844502981 0.913546781242921768217968
2460306.70000000 -0.103668218796072297838151 0.001152265236616505225328 0.000135328920866226116776 0.994611257920503977203452
2460306.80000000 0.209598526018118652691768 0.001138035847679176549782 -0.000228318557721630656593 0.977786843149218931614541
2460306.90000000 0.502236743017270836908494 0.001011803630936792316314 -0.000569511971851358695870 0.864729383028278175693515
2460307.00000000 0.745445197597595199390241 0.000785987247120967171161 -0.000854670990305787543068 0.666565907573740346059310
2460307.10000000 0.915287496613860995786638 0.000482806707777566710554 -0.001055728691001063144703 0.402799516976537319568052
2460307.20000000 0.995047888783708422977270 0.000132096909297126639034 -0.001152894062192973655134 0.099389900957907256762169
2460307.30000000 0.976876416628462362901075 -0.000231628355651037373501 -0.001136600109418600462394 -0.213801592892260000633442
2460307.40000000 0.862561502606132624038082 -0.000572572991655133476004 -0.001008445806455062626616 -0.505950896252402748665133
2460307.50000000 -0.663353934415102708399559 0.000857181503787874418503 0.000781039151591069315088 0.748304893016942473948916
2460307.60000000 -0.398859571054268779999319 0.001057441531266102617906 0.000476756734825997089029 0.917011285153250477186759
2460307.70000000 -0.095109748788347270309629 0.001153640949950252405157 0.000125541858476654384245 0.995466116468495365587899
2460307.80000000 0.218000701948058012158427 0.001136308187021566789079 -0.000238042115944412106983 0.975947921812145291475815
2460307.90000000 0.509655689053790772469199 0.001007144754885860599841 -0.000578213227725988946661 0.860377667041365978839451
2460308.00000000 0.751150746642803235353369 0.000778858194464381774560 -0.000861492410600267597039 0.660129689552048870559986
2460308.10000000 0.918718112827050958912878 0.000473911830136662301765 -0.001059998481171373725315 0.394912244649224419834610
2460308.20000000 0.995865933496290378634797 0.000122314345595489828988 -0.001154192304783070157845 0.090827833732490717566499
2460308.30000000 0.975001378507156069019857 -0.000241333305042734007437 -0.001134800057422578455774 -0.222195782803919661407832
2460308.40000000 0.858177921479013061656360 -0.000581243050732406832913 -0.001003726271052035341064 -0.513351058999179321595818
2460308.50000000 -0.656893239033828013617722 0.000863961785548686758696 0.000773866772553803705659 0.753982710154077695463570
2460308.60000000 -0.390957618195872880217934 0.001061663783437102317672 0.000467839888876109657231 0.920407950188420698189873
2460308.70000000 -0.086544242703510923520049 0.001154889383281497991854 0.000115760754681173839010 0.996247332184376110930657
2460308.80000000 0.226386750599088498736577 0.001134460403957305001804 -0.000247722259733825400825 0.974036801556334874696574
2460308.90000000 0.517036931671959743006539 0.001002383750875975466227 -0.000586837368033059207130 0.855962301819123250190557
2460309.00000000 0.756800726886299846007944 0.000771654255123759231019 -0.000868209839799168351868 0.653644636285763303007457
2460309.10000000 0.922080763894320365459123 0.000464976113370440830713 -0.001064146688280759398687 0.386995757398836015550359
2460309.20000000 0.996610305799496720702280 0.000112528727474924637318 -0.001155362272964366443517 0.082259047217850073119294
2460309.30000000 0.973054211497018872734088 -0.000251003203995986900413 -0.001132876565701345901796 -0.230573535072061852613245
2460309.40000000 0.853730853851922266706254 -0.000589843085733280010109 -0.000998899231213964348269 -0.520713244949897902102975
2460309.50000000 -0.650383947844100251955979 0.000870643369561030803713 0.000766612486668723724058 0.759604748979059718472229
2460309.60000000 -0.383026742978902101643968 0.001065767559241916680873 0.000458874076308175230660 0.923736525063645785849076
2460309.70000000 -0.077972334236045756639122 0.001156010239974613815206 0.000105967979193590018812 0.996954847274713062965645
2460309.80000000 0.234756051550764593960352 0.001132487430895679761042 -0.000257375807357799058894 0.972053623772804353819765
2460309.90000000 0.524379924802283459150942 0.000997511191382201289901 -0.000595399136354265697338 0.851483614014483025655977
2460310.00000000 0.762394720337596254466916 0.000764362379900635239768 -0.000874834843812694095203 0.647111227545087652757161
2460310.10000000 0.925375201045752215911477 0.000455983896972446162317 -0.001068180840496763504832 0.379050640887872103412803
2460310.20000000 0.997280950623409045974199 0.000102722989713154838468 -0.001156406905466251903991 0.073684175332138279745919
2460310.30000000 0.971035059648494902617699 -0.000260655210959283561035 -0.001130827782898728315827 -0.238934229905350403733166
2460310.40000000 0.849220628728622028980055 -0.000598389032003319542956 -0.000993958212132779305586 -0.528036909428614142925085
2460310.50000000 -0.643826542403162727090660 0.000877239748221807246788 0.000759265717660401770299 0.765170593568905155201776
