2458331.50000000 0.903778768082534544880957 0.000368649883877284379081 -0.000810874375647982503258 0.427999001099878428888701
2458331.60000000 0.991913179962731539340837 0.000099271945387073887808 -0.000884517409845856391985 0.126915133808567615059104
2458331.70000000 0.982424243166654886927347 -0.000179878607513340267252 -0.000871112816251045979019 -0.186659624032498250301160
2458331.80000000 0.876245853042583733305548 -0.000441329515749420725913 -0.000771978709683207695198 -0.481863480979858649355663
2458331.90000000 -0.683828004720078763689628 0.000659350019800158970197 0.000596870225403947564542 0.729642699520058890527707
2458332.00000000 -0.424108319953599488538742 0.000812483168424328323735 0.000363019614613678000790 0.905611031863717608203501
2458332.10000000 -0.122648212329867015157880 0.000885657586633517026307 0.000093440449977068030510 0.992449808751658224537096
2458332.20000000 0.190882838641626834119691 0.000871670825790464500089 -0.000185337150882958787233 0.981612422370258586035163
2458332.30000000 0.485627343124344690306060 0.000771898327180159729566 -0.000445877437646318125052 0.874165481459598825431101
2458332.40000000 0.732576772719304769587723 0.000596158191985762526792 -0.000662539106863430939630 0.680683830943851875261430
2458332.50000000 0.907426546846088699638244 0.000361745070726092530881 -0.000813998817202214773950 0.420209791205164717720066
2458332.60000000 0.992968083893540187645499 0.000091728160864127655382 -0.000885349785983797154219 0.118379018875335570437635
2458332.70000000 0.980782449429651537187169 -0.000187318938188910712747 -0.000869569064513279425116 -0.195102525999565401537694
2458332.80000000 0.872068945753772029050310 -0.000447933546999162133812 -0.000768208690993879236321 -0.489382225935991233001232
2458332.90000000 -0.677527073008485247740396 0.000664466645229181557264 0.000591243131621764787982 0.735497297245265579945794
2458333.00000000 -0.416303494736798507247499 0.000815607183413341032749 0.000356087770645959963978 0.909225279155628340888029
2458333.10000000 -0.114107641154524472315579 0.000886479520965307481520 0.000085885077615897604392 0.993467992945600397725059
2458333.20000000 0.199318600517459060261771 0.000870107551677931807810 -0.000192772903689649333526 0.979934335166697589869500
2458333.30000000 0.493128054377338587155322 0.000768101404003745046566 -0.000452461590842086333261 0.869956278949681971468522
2458333.40000000 0.738404218984573867956556 0.000590499123082527648670 -0.000667622893486821190369 0.674357779650497590751002
2458333.50000000 0.911007195259162960709887 0.000354778907294137210368 -0.000817080582628625226235 0.412389496346070028032216
2458333.60000000 0.993949529564622680233299 0.000084139115128932946133 -0.000886124453547305359312 0.109834149433252981076237
2458333.70000000 0.979068099534054936405880 -0.000194784899431521866479 -0.000867958224607785658149 -0.203530993171844420963623
2458333.80000000 0.867827525168309965586388 -0.000454541961673076496016 -0.000764368532421164093016 -0.496864765999572077781465
2458333.90000000 -0.671176019141313418003847 0.000669566811582220393004 0.000585549244701396936173 0.741297484240238113706312
2458334.00000000 -0.408467874862599278351638 0.000818696212801134077901 0.000349098360577015454434 0.912772262435359915677680
2458334.10000000 -0.105558630000534267590062 0.000887251894227501650483 0.000078286190065837582639 0.994412682082825738483223
2458334.20000000 0.207739617139637927634155 0.000868485289832063300786 -0.000200234756956372563462 0.978183754265731231214431
2458334.30000000 0.500592284909511020529749 0.000764241885105073574108 -0.000459052790912290679254 0.865682718721564992137019
2458334.40000000 0.744177038483095243392995 0.000584779761492303464844 -0.000672694853447782436726 0.667981841750001636981438
2458334.50000000 0.914520448458406853831093 0.000347760187747654843111 -0.000820133565443486537566 0.404538695052169938737308
2458334.60000000 0.994857444877920160664075 0.000076509545979848770140 -0.000886856886978747171492 0.101281153239528631804234
2458334.70000000 0.977281320326441660384376 -0.000202276177999092041234 -0.000866296305909277958475 -0.211944402038471146898502
2458334.80000000 0.863521905077584417398384 -0.000461158892290480467747 -0.000760473655756136899739 -0.504310547641708795119087
2458334.90000000 -0.664775312950796393174357 0.000674658759719889609095 0.000579802273274931685015 0.747042831405932417077054
2458335.00000000 -0.400602035990022087297291 0.000821761948647106244339 0.000342062327615122766748 0.916251721122862794466357
2458335.10000000 -0.097001808396215846719279 0.000887988925501056471611 0.000070651076480381515103 0.995283806585518959764158
2458335.20000000 0.216145265545022363662397 0.000866819681929661078022 -0.000207719739846563009392 0.976360809157147735426463
2458335.30000000 0.508019482531278265824426 0.000760335635589374863284 -0.000465652767043219081508 0.861345116910218200345639
2458335.40000000 0.749894806119518197995433 0.000579014994781400249048 -0.000677761468386956530789 0.661556486730307535815143
2458335.50000000 0.917966048307963689012468 0.000340701714324576489072 -0.000823168700287539643716 0.396657964080886105140422
2458335.60000000 0.995691762480115150069082 0.000068849457669310033586 -0.000887561573057362124088 0.092720664486688489369648
2458335.70000000 0.975422243042765146903150 -0.000209786462883993749017 -0.000864600284630972636297 -0.220342134492676589019311
2458335.80000000 0.859152401022005740571785 -0.000467782361936730506358 -0.000756542297463607587085 -0.511719025091639689861722
2458335.90000000 -0.658325426825610016123846 0.000679745185345088280895 0.000574020412596484386029 0.752732914678830300481138
2458336.00000000 -0.392706558643644842998555 0.000824811760438978226750 0.000334996531288134528556 0.919663398347706939617296
2458336.10000000 -0.088437807865722639633077 0.000888702293714031072921 0.000062994065944109033268 0.996081302093003162489993
2458336.20000000 0.224534926771438270165504 0.000865125999716867457451 -0.000215217075361363033769 0.974465634026023708180730
2458336.30000000 0.515409100311045476061622 0.000756400490403391027178 -0.000472255074990050286061 0.856943792876288967796938
2458336.40000000 0.755557100800107184213061 0.000573223944300879227794 -0.000682821121872804505382 0.655082187667419324483831
2458336.50000000 0.921343739836915198715417 0.000333622462423395092692 -0.000826189374529088475102 0.388747886386285157467313
2458336.60000000 0.996452421014112244002092 0.000061176164000360504377 -0.000888246957815383084145 0.084153312052120676778344
2458336.70000000 0.973491005127529063223335 -0.000217301384726617465189 -0.000862883180686112500647 -0.228723569288121347797826
2458336.80000000 0.854719337650836186170977 -0.000474402067744024327593 -0.000752591209301901051601 -0.519089647743106508137600
2458336.90000000 -0.651826836758443994845891 0.000684820723208705967565 0.000568222991415314598873 0.758367314052807772739584
2458337.00000000 -0.384782028221720862060096 0.000827845756951196614856 0.000327921500658699997203 0.923007041086785218197974
2458337.10000000 -0.079867263408556307680009 0.000889397748310269430951 0.000055335372179092935218 0.996805109409397149811127
2458337.20000000 0.232907978724109815393817 0.000863415395721126412501 -0.000222708399711803108241 0.972498369335832446580525
2458337.30000000 0.522760591547822395241951 0.000752452365682121544765 -0.000478844640520701553266 0.852479072146062999415506
2458337.40000000 0.761163500701013906457604 0.000567426284224928421766 -0.000687863254332219059908 0.648559426784564574397507
2458337.50000000 0.924653271989571146072251 0.000326544541688387893793 -0.000829190466112461176812 0.380809049800722276835074
2458337.60000000 0.997139363872228345897497 0.000053512614903413362525 -0.000888913869621093632838 0.075579732630064594411934
2458337.70000000 0.971487749721421489645934 -0.000224798818884269785293 -0.000861151896746263612568 -0.237088084946272703579240
2458337.80000000 0.850223042878637147445886 -0.000480998354212473972803 -0.000748633034399311483344 -0.526421870315573192655734
2458337.90000000 -0.645280022326640501084682 0.000689869686614480513535 0.000562427614698855185722 0.763945613600944151144745
2458338.00000000 -0.376829028207658678351066 0.000830853460431520054325 0.000320858627739221372466 0.926282403067044901590066
2458338.10000000 -0.071290804639041985280024 0.000890070902972514978006 0.000047698684557667269009 0.997455175269522875680650
2458338.20000000 0.241263806273864483964431 0.000861690028072329208819 -0.000230169421124708928209 0.970459159518812897182727
2458338.30000000 0.530073413629994716345095 0.000748499948460302176600 -0.000485398343638867094119 0.847951284153817930189234
2458338.40000000 0.766713595802614555907439 0.000561636733021730243445 -0.000692867645387586911232 0.641988680982024662036167
2458338.50000000 0.927894402680460861354561 0.000319487767184316914359 -0.000832156184930024005013 0.372842034804613253751171
2458338.60000000 0.997752540501326223854051 0.000045882400966530986319 -0.000889552174044858545883 0.067000556074554212804273
2458338.70000000 0.969412623904803760765958 -0.000232253011054181984297 -0.000859402789536687109970 -0.245435066970407844699764
2458338.80000000 0.845663846947168340584255 -0.000487545084861659944013 -0.000744670992170436965227 -0.533715154113696188531435
2458338.90000000 -0.638685470020377454858362 0.000694867379861793875266 0.000556644248542432530658 0.769467398718342687757854
2458339.00000000 -0.368848149632452992907616 0.000833813365240738892277 0.000313824015137855794923 0.929489240810135730619379
2458339.10000000 -0.062709073325744157934025 0.000890704979444411292476 0.000040105197557730939972 0.998031450986518908763401
2458339.20000000 0.249601784161170403564256 0.000859939071670362997941 -0.000237575272483076725639 0.968348157124143349427925
2458339.30000000 0.537347020568301858567395 0.000744539192772518008609 -0.000491889327119330449500 0.843360766927080618415857
2458339.40000000 0.772206968876659294309661 0.000555858399566245544796 -0.000697807272852612298607 0.635370444153487090588328
2458339.50000000 0.931066888235282719143981 0.000312462292529919183608 -0.000835061196686139278582 0.364847440269645661992115
2458339.60000000 0.998291904895257542484899 0.000038302110130974056251 -0.000890139725507469717000 0.058416425808449759515817
2458339.70000000 0.967265783668826650831818 -0.000239642103496756040141 -0.000857618461347134418762 -0.253763887905960383584159
2458339.80000000 0.841042092576449240581837 -0.000494016643599633664859 -0.000740693731803233629957 -0.540968950896593137045443
2458339.90000000 -0.632043671086992664420734 0.000699786171394293490464 0.000550868528111618711331 0.774932258123955830519947
2458340.00000000 -0.360839986987794181239053 0.000836697664978867179826 0.000306820797277519523565 0.932627315484593544248071
2458340.10000000 -0.054122702845169630425648 0.000891273822944908550997 0.000032565564537387090634 0.998533894070006367016390
2458340.20000000 0.257921295567317410135644 0.000858139711707004695582 -0.000244908258367161982012 0.966165518381006171999559
2458340.30000000 0.544580874325362618293411 0.000740552074226715926694 -0.000498293835832275592256 0.838707860106295499669216
2458340.40000000 0.777643214533971338653373 0.000550079176114966770031 -0.000702653755672308713565 0.628705204828874819611428
2458340.50000000 0.934170494580280119656379 0.000305462670939174766541 -0.000837874297829754193824 0.356825856285936882095200
2458340.60000000 0.998757417256103341429707 0.000030773429944815716643 -0.000890644993266103811996 0.049827976878781113367900
2458340.70000000 0.965047387201455553196183 -0.000246957130050113541752 -0.000855769108293952186946 -0.262073934465895774792443
2458340.80000000 0.836358120184603648361588 -0.000500397129621325473248 -0.000736675093624771892657 -0.548182726572966738665116
2458340.90000000 -0.625355116939918853624647 0.000704604067390438124248 0.000545079602663619600979 0.780339787616555202731661
2458341.00000000 -0.352805134122380348316028 0.000839479578879559484861 0.000299834741111825353772 0.935696394515548535153471
2458341.10000000 -0.045532334282395031666013 0.000891747558256302539151 0.000025073053981232070462 0.998962467108676754889984
2458341.20000000 0.266221722220971124261979 0.000856260951026337614571 -0.000252167208921544750561 0.963911405600101800494883
2458341.30000000 0.551774436108556587399221 0.000736508591150655854765 -0.000504602880268111052622 0.833992910393899444798649
2458341.40000000 0.783021927916242033163030 0.000544272165155254973416 -0.000707390851144129692747 0.621993459585700847469525
2458341.50000000 0.937204990129560489009464 0.000298467053151646834804 -0.000840572997133346528839 0.348777881795924726837654
2458341.60000000 0.999149043125195923664705 0.000023281083042552427968 -0.000891040385033601742802 0.041235847589857176076489
2458341.70000000 0.962757599866380542330546 -0.000254205750969096555894 -0.000853823792122006199230 -0.270364587665019195927840
2458341.80000000 0.831612279603095139179914 -0.000506686043764462005004 -0.000732582798102480439381 -0.555355942620776921181402
2458341.90000000 -0.618620304771220874684445 0.000709312406578221639301 0.000539245967868011585010 0.785689585404776513755110
2458342.00000000 -0.344744185496765553899934 0.000842142815030110609628 0.000292837207628226028899 0.938696250981845059513375
2458342.10000000 -0.036938603163716984822962 0.000892103297706848532775 0.000017603814757411661375 0.999317138568909024698428
2458342.20000000 0.274502448669855569907128 0.000854274778359130865062 -0.000259369569177443583165 0.961585986074913634524819
2458342.30000000 0.558927175039127699385233 0.000732377416967326211154 -0.000510826302347101271657 0.829216265929314744198564
2458342.40000000 0.788342711235123561053229 0.000538404754599111417743 -0.000712020095391875337300 0.615235705066959126519066
2458342.50000000 0.940170151576188106723464 0.000291443650896258069777 -0.000843150379898706218984 0.340704109518209397045041
2458342.60000000 0.999466753742490499057283 0.000015796165061853111099 -0.000891311149620638569664 0.032640672140618373631149
2458342.70000000 0.960396591223081630417369 -0.000261411994468838733852 -0.000851760866696772310155 -0.278635234192772252015402
2458342.80000000 0.826804920453766523102956 -0.000512900877690302325548 -0.000728389665642620526623 -0.562488070890210578589574
2458342.90000000 -0.611839731764491689958163 0.000713920928044479963757 0.000533336613233066679854 0.790981256732679050003298
2458343.00000000 -0.336657738902665037983297 0.000844688689667122795737 0.000285795292344735100531 0.941626662567692118699370
2458343.10000000 -0.028342143800812357595786 0.000892333859084251039377 0.000010125096523876116710 0.999597882411707439054283
2458343.20000000 0.282762863749634496546292 0.000852166034930211839168 -0.000266545885292876851870 0.959189431577426199204695
2458343.30000000 0.566038560801203960437533 0.000728136502854285008746 -0.000516990523770412182397 0.824378281023520842474284
2458343.40000000 0.793605171862638902879894 0.000532449569734296033856 -0.000716562119052927145278 0.608432440151043030240885
2458343.50000000 0.943065759655755231349872 0.000284361699030880824696 -0.000845619964337514717564 0.332605136805752099604661
2458343.60000000 0.999710525677442896075320 0.000008286599798069455751 -0.000891462426866140834024 0.024043087888927588968713
2458343.70000000 0.957964535665627225924368 -0.000268607267915677624254 -0.000849576795828702632622 -0.286885263608507246058110
2458343.80000000 0.821936399312779619741320 -0.000519070427589865697991 -0.000724083820037676258348 -0.569578582596303562013418
2458343.90000000 -0.605013900789153846737634 0.000718454044720772322039 0.000527332256864732540000 0.796214409311632453913887
2458344.00000000 -0.328546391246513080908187 0.000847135730317174952958 0.000278683762574645033181 0.944487413094886707476405
2458344.10000000 -0.019743593641782165859500 0.000892450745816574658731 0.000002607581835273532449 0.999804677941850350464392
2458344.20000000 0.291002353557456794330704 0.000849938504205730396314 -0.000273727444507849829777 0.956721920362038180662978
2458344.30000000 0.573108068572160789244663 0.000723781700475954639477 -0.000523126600681134232979 0.819479312865951770028516
2458344.40000000 0.798808919668334338481941 0.000526394829417520465978 -0.000721045615403651451655 0.601584169388726719418514
2458344.50000000 0.945891599290639706332229 0.000277202568996563183858 -0.000848006192916435645908 0.324481565632001811572138
2458344.60000000 0.999880341053363985714952 0.000000728241087842018129 -0.000891513103363369215255 0.015443729416747094956852
2458344.70000000 0.955461612775127200336556 -0.000275819515806547820198 -0.000847283768653592488790 -0.295114067008576674844278
2458344.80000000 0.817007073081770118783140 -0.000525224512205042944578 -0.000719670083498800700755 -0.576626958048003568357842
2458344.90000000 -0.598143312205982713436470 0.000722941446257594736054 0.000521230196782207630055 0.801388659601022235179357
2458345.00000000 -0.320410737075804363804821 0.000849511565816092281168 0.000271492740127137713747 0.947278292893752316139455
2458345.10000000 -0.011143580006488717701330 0.000892477791430194844491 -0.000004964970221546000167 0.999937510088912628880564
2458345.20000000 0.299220321195658500723624 0.000847610794405956975359 -0.000280935637598007492254 0.954183631181155456069121
2458345.30000000 0.580135182571105967319625 0.000719325356366147246161 -0.000529259549703327476268 0.814519718851360319256116
2458345.40000000 0.803953577643689687448614 0.000520246015926361716521 -0.000725497526242999449773 0.594691388865234205063359
2458345.50000000 0.948647467156890633610544 0.000269964738708597634231 -0.000850336153113620128903 0.316333980317726637387921
2458345.60000000 0.999976187488605727793356 -0.000006887196995936558508 -0.000891488553235819528378 0.006843219703845701551437
2458345.70000000 0.952888005094630341496043 -0.000283063145055388121554 -0.000844903934115614216674 -0.303321044042040410815275
2458345.80000000 0.812017303836128134797434 -0.000531382641787846773246 -0.000715166145600133122510 -0.583632679379524899054843
2458345.90000000 -0.591228471901806718058481 0.000727406424783244272628 0.000515042760776064276716 0.806503626540288287571911
2458346.00000000 -0.312251378232572984749993 0.000851841725561913493299 0.000264228655103547992438 0.949999095441741880918585
2458346.10000000 -0.002542739114700258429291 0.000892441096122135644163 -0.000012592196371192241724 0.999996368927187018194047
2458346.20000000 0.307416153078461873437988 0.000845207889996698572173 -0.000288175974198187124804 0.951574753450326493720013
2458346.30000000 0.587119379306458299971894 0.000714789733570445453073 -0.000535400246880009711599 0.809499868353389273600840
2458346.40000000 0.809038758992676854120418 0.000514021252788135181791 -0.000729933296532369398253 0.587754616677968910742891
2458346.50000000 0.951333154588125951001132 0.000262661040967986244253 -0.000852628841489450300765 0.308162997477018918424108
2458346.60000000 0.999998057669599260677273 -0.000014552803157134849491 -0.000891410473346896975629 -0.001757791811304628380730
2458346.70000000 0.950243905591899751250651 -0.000290337383315746814638 -0.000842460247000530225783 -0.311505579163147972021619
2458346.80000000 0.806967464934851608227007 -0.000537550042542285695137 -0.000710594657951907522631 -0.590595222323159974031626
2458346.90000000 -0.584269894936323974654613 0.000731859736676173473421 0.000508790720649611124572 0.811558929088686320518775
2458347.00000000 -0.304068921104633127505679 0.000854141727796358329015 0.000256908923969787319000 0.952649618515307605726150
2458347.10000000 0.006058286913387964621458 0.000892359918799830609953 -0.000020261295058061995988 0.999981250045404945758776
2458347.20000000 0.315589241503637540908755 0.000842751569699754258733 -0.000295441220509991742029 0.948895480614600939084369
2458347.30000000 0.594060140929775104545740 0.000710197773188021613984 -0.000541547566486594799361 0.804420133576347451409561
2458347.40000000 0.814064090138562956866508 0.000507743215765065814861 -0.000734357996822027525759 0.580774362434491653317536
2458347.50000000 0.953948464322047717800501 0.000255312477703300091687 -0.000854895125254381132995 0.299969217398814380626249
2458347.60000000 0.999945950017640861062773 -0.000022250887126797069815 -0.000891294292334091119503 -0.010358674729041438336563
2458347.70000000 0.947529508053995495053812 -0.000297629199589378654056 -0.000839971672785831289729 -0.319667072484453085312595
2458347.80000000 0.801857926483410921036921 -0.000543719319192344772464 -0.000705976872460116174415 -0.597514076571268093474032
2458347.90000000 -0.577268091297453378452076 0.000736300138028760900628 0.000502496210223418813406 0.816554196687901856499536
2458348.00000000 -0.295863963984007327656656 0.000856416486990789309341 0.000249555088551577737479 0.955229668241160956299041
2458348.10000000 0.014658870612472927469350 0.000892244826559557822378 -0.000027952762407158163876 0.999892154499485208418719
2458348.20000000 0.323738990199907761269316 0.000840257080970408399417 -0.000302715230349468453815 0.946146008053328935183401
2458348.30000000 0.600956962215149492756439 0.000705568051976123225555 -0.000547689823904317567120 0.799280884153906301392567
2458348.40000000 0.819029202656994081976904 0.000501432209581230414752 -0.000738765203530055499133 0.573751137677245504065127
2458348.50000000 0.956493205882501307257826 0.000247939362339488625960 -0.000857134286789955563216 0.291753236394894199801087
2458348.60000000 0.999819868206140771604851 -0.000029962398487532703855 -0.000891145364397570582948 -0.018958800117461441225863
2458348.70000000 0.944745011279407354010118 -0.000304922112221141781464 -0.000837448996602581136224 -0.327804925777107070139493
2458348.80000000 0.796689061974611534289181 -0.000549877682177356426861 -0.000701327917261315909349 -0.604388736082024147222569
2458348.90000000 -0.570223575279172556484752 0.000740719387937523936032 0.000496177282965742949029 0.821489062214408649609254
2458349.00000000 -0.287637112408470618785117 0.000858662849991677357142 0.000242186514527295364795 0.957739054026990555001930
2458349.10000000 0.023258378667397161532193 0.000892097934000905487019 -0.000035647579245586662482 0.999729088659390918714109
2458349.20000000 0.331864797601587269149093 0.000837731613074722044482 -0.000309980874633413556411 0.943326538495465549694075
2458349.30000000 0.607809331656326001791513 0.000700912284217074829477 -0.000553813083959986103902 0.794082500980629046871684
2458349.40000000 0.823933729093246802754891 0.000495103600613155448752 -0.000743145138857076296458 0.566685461847583060723821
2458349.50000000 0.958967189931104857514299 0.000240559586713353545017 -0.000859341254610455234676 0.283515664997072591724248
2458349.60000000 0.999619821376570683035823 -0.000037668469793535263267 -0.000890963203913584084713 -0.027557530298912644856069
2458349.70000000 0.941890622028764390449851 -0.000312197801875644612851 -0.000834896194103849323583 -0.335918534193220819084047
2458349.80000000 0.791461257156157560466170 -0.000556008789476872635794 -0.000696655794672244150188 -0.611218687496416945847955
2458349.90000000 -0.563136870291407354294222 0.000745104347967687880537 0.000489845261682856085612 0.826363158779915729645893
2458350.00000000 -0.279388974907132825453715 0.000860871805348013461288 0.000234816934546663901376 0.960177590063673980225190
2458350.10000000 0.031856171979322778220478 0.000891914920973115531687 -0.000043330644535934634048 0.999492064458993190179115
2458350.20000000 0.339966058379299218561442 0.000835175714831166656794 -0.000317222793546553967752 0.940437281800675650700327
2458350.30000000 0.614616739908762865773895 0.000696235675589647394317 -0.000559902825626761436843 0.788825370273894765915657
2458350.40000000 0.828777305654771367926514 0.000488766683446855928520 -0.000747485131002649147956 0.559577858750614720584338
2458350.50000000 0.961370232468163998795774 0.000233185670801985204647 -0.000861506068085536396393 0.275257115358076565048151
2458350.60000000 0.999345824250795100596179 -0.000045354567279647166030 -0.000890741194464616191893 -0.036154226240294712324541
2458350.70000000 0.938966551829264695072652 -0.000319440943697209939721 -0.000832310494541307053541 -0.344007296088265079880841
2458350.80000000 0.786174897775801739818746 -0.000562097740312570478410 -0.000691961810432373714171 -0.618003426642036335358910
2458350.90000000 -0.556008501732817017604305 0.000749441651548310525804 0.000483505469657873098235 0.831176124873484467592277
2458351.00000000 -0.271120167253515564897981 0.000863032456425863263826 0.000227455329013294036376 0.962545094188777983212901
2458351.10000000 0.040451611580735444273493 0.000891688057685125086936 -0.000050989974119165121810 0.999181099407109307719566
2458351.20000000 0.348042171812860290369684 0.000832585238732276838175 -0.000324426891216409915824 0.937478452119392846597634
2458351.30000000 0.621378682177923469254210 0.000691537784778668905387 -0.000565943919430414465500 0.783509881760850346310576
2458351.40000000 0.833559571476222616048801 0.000482424565000246364632 -0.000751770202513173026876 0.552428857779610149592031
2458351.50000000 0.963702155232357138281429 0.000225823850923611923287 -0.000863615107563566104278 0.266978199807495542028590
2458351.60000000 0.998997897060421302661837 -0.000053011736248189257181 -0.000890468557803736414195 -0.044748250511136566931469
2458351.70000000 0.935973017416802277601562 -0.000326640427642343523541 -0.000829684737933492869218 -0.352070611662382904061275
2458351.80000000 0.780830377541879228076027 -0.000568132001889457395952 -0.000687242854030283034129 -0.624742448077758916191726
2458351.90000000 -0.548838999342046718332710 0.000753718212495558918806 0.000477158903519586934799 0.835927602743604669655042
2458352.00000000 -0.262831299731945300379721 0.000865132106568497526514 0.000220106501327558482916 0.964841391618431298837777
2458352.10000000 0.049044060130408510811417 0.000891405988730982023864 -0.000058617560812736681371 0.998796216515019485981952
2458352.20000000 0.356092539056934165309087 0.000829951063621224929302 -0.000331582807958268239740 0.934450268800554595394203
2458352.30000000 0.628094658178636411349771 0.000686812481609156495928 -0.000571924651519206119973 0.778136428627628995435828
2458352.40000000 0.838280173555483565372981 0.000476074661007654966176 -0.000755988330908107962133 0.545238986553204574292408
2458352.50000000 0.965962784890524006620183 0.000218475392132141927421 -0.000865657036498653962263 0.258679533617083068364195
2458352.60000000 0.998576065556863179395464 -0.000060634989589713988555 -0.000890135124970688651654 -0.053338965862500732628693
2458352.70000000 0.932910240709697746730455 -0.000333788068589247464459 -0.000827010697432148042529 -0.360107883025591712922164
2458352.80000000 0.775428091806689478993064 -0.000574100941698384116194 -0.000682493266080687701648 -0.631435253250222205956277
2458352.90000000 -0.541628893479080164574668 0.000757921851462571723700 0.000470802900358045100810 0.840617240869437232220207
2458353.00000000 -0.254522986931303651925163 0.000867158003618573574450 0.000212770983917117361122 0.967066312043018627697677
2458353.10000000 0.057632881967748086915471 0.000891056357225802962534 -0.000066209727748122210894 0.998337444229345005730636
2458353.20000000 0.364116564552472432580998 0.000827262115233637893887 -0.000338684011218857723268 0.931352955838121165932364
2458353.30000000 0.634764168773813586277299 0.000682050723837392277281 -0.000577836140158419133556 0.772705410199886699729177
2458353.40000000 0.842938761035626149542566 0.000469710523742682063870 -0.000760128975202795250342 0.538008779406912496234838
2458353.50000000 0.968151954580265372563019 0.000211136790295703017165 -0.000867620468844288415811 0.250361729299435953333131
2458353.60000000 0.998080361008994221272417 -0.000068224553280618941125 -0.000889729612060014669016 -0.061925735314428853595103
2458353.70000000 0.929778448801552248603741 -0.000340880869694176703508 -0.000824277937958503396920 -0.368118514217444237068833
2458353.80000000 0.769968442081296888801489 -0.000579998645448794752401 -0.000677704135893498170462 -0.638081344748968048996574
2458353.90000000 -0.534378718767933080791011 0.000762044266025634596529 0.000464430640325925743039 0.845244691506484513432440
2458354.00000000 -0.246195844911251876530045 0.000869100155798351687794 0.000205444481814795004660 0.969219690475454531686239
2458354.10000000 0.066217438779181236885307 0.000890628294637712744630 -0.000073767967083698888684 0.997804816655293302929408
2458354.20000000 0.372113653317724335511940 0.000824507507331671721067 -0.000345729087470200322722 0.928186742887803561963267
2458354.30000000 0.641386719439188013325293 0.000677242446715081041798 -0.000583674138015195472819 0.767217229207788453670958
2458354.40000000 0.847534988511223108531567 0.000463323665723921920660 -0.000764185305833056595544 0.530738772467697961232602
2458354.50000000 0.970269501968654135559689 0.000203801752985247676712 -0.000869496414157498211106 0.242025403604147648639611
2458354.60000000 0.997510820201472969692702 -0.000075784146497381220343 -0.000889241493352481622049 -0.070507922156061400564830
2458354.70000000 0.926577873943981389359692 -0.000347919711165078947897 -0.000821475127202543425019 -0.376101911251863929575023
2458354.80000000 0.764451831348375465680078 -0.000585823100421379943346 -0.000672864117900764794646 -0.644680232062651681346210
2458354.90000000 -0.527089014060688532126164 0.000766080704161410750569 0.000458031579935027429069 0.849809610785381752684486
2458355.00000000 -0.237850491126711499623170 0.000870951437063714121838 0.000198118022029156225575 0.971301367271274807002612
2458355.10000000 0.074797096958074654748927 0.000890112839941740378695 -0.000081299003621391715321 0.997198373131294335536268
2458355.20000000 0.380083211022706146664518 0.000821677123567590879383 -0.000352721972398680741131 0.924951865305404297146197
2458355.30000000 0.647961820272386246344354 0.000672377143868677540524 -0.000589439452086371572237 0.761672291696675385352933
2458355.40000000 0.852068516759782124125877 0.000456903988781063631359 -0.000768154875440904398066 0.523429502342834140904415
2458355.50000000 0.972315269722128339147105 0.000196461363366523381925 -0.000871279284726826294682 0.233671176099983196605692
2458355.60000000 0.996867485312561529831044 -0.000083320952455487914522 -0.000888662387206905234928 -0.079084891495419321061355
2458355.70000000 0.923308752946726873922501 -0.000354909498825493809494 -0.000818591743172230701213 -0.384057483559593182409486
2458355.80000000 0.758878668684646262576621 -0.000591576542199526178058 -0.000667961382363949107178 -0.651231425899626126252429
2458355.90000000 -0.519760316194571858616769 0.000770030525109377311441 0.000451593519838688613015 0.854311662582722841641214
2458356.00000000 -0.229487544405858695517608 0.000872708320176565416001 0.000190780017438879807585 0.973311188133151761192607
2458356.10000000 0.083371218849021155872236 0.000889503785568524440140 -0.000088812886337366039793 0.996518158772015438806591
2458356.20000000 0.388024649465334270370676 0.000818762480296366919677 -0.000359670377503225975526 0.921648561910604180447137
2458356.30000000 0.654488984880602697735696 0.000667444639620581436218 -0.000595136836327682795626 0.756071007907859415908547
2458356.40000000 0.856539008129671208813249 0.000450440349969260633422 -0.000772039103719726789443 0.516081513533096392087884
2458356.50000000 0.974289106572325036559334 0.000189104315443584228198 -0.000872967062423733925793 0.225299664851046910207799
2458356.60000000 0.996150404106841969031905 -0.000090845663231152386403 -0.000887987168430616913978 -0.087656007341663969012480
2458356.70000000 0.919971328852295044953280 -0.000361859391054037370355 -0.000815620007595932320146 -0.391984639891520991739071
2458356.80000000 0.753249368350377368486193 -0.000597265765198938861601 -0.000662986120038705603781 -0.657734439422029582011930
2458356.90000000 -0.512393171111940937123563 0.000773897493356958104255 0.000445105359759627255099 0.858750511592861642817809
2458357.00000000 -0.221107623452267032515550 0.000874371109246089477443 0.000183418870940989139602 0.975249004451376744206925
2458357.10000000 0.091939170162426794852273 0.000888797821962593347957 -0.000096320902208783186179 0.995764223975742712724468
2458357.20000000 0.395937378469779888146007 0.000815756810133728927845 -0.000366584520645530417392 0.918277078275643088289826
2458357.30000000 0.660967728210387517329139 0.000662435167438829249943 -0.000600774777083590283411 0.750413794191413852097128
2458357.40000000 0.860946132734193514401966 0.000443920714038140509523 -0.000775844209248658799212 0.508695348444890282912922
2458357.50000000 0.976190866567338333403825 0.000181717263116443639853 -0.000874563309042140587558 0.216911489201922158542857
2458357.60000000 0.995359629847597071616860 -0.000098371506319254369628 -0.000887216276223827039239 -0.096220634166661420105804
2458357.70000000 0.916565847490044993683966 -0.000368781541078623033032 -0.000812557014563997136516 -0.399882796536040974189063
2458357.80000000 0.747564345909943139822929 -0.000602901001575642373799 -0.000657932136487384723600 -0.664188792708034880796220
2458357.90000000 -0.504988122630632751963731 0.000777689250729150143363 0.000438557961866370199164 0.863125830263239524065000
2458358.00000000 -0.212711349662565024631888 0.000875944392477803106603 0.000176023127690337339961 0.977114672626219427087335
2458358.10000000 0.100500315584428998039179 0.000887996249498855007298 -0.000103835962950924237864 0.994936624739303776543409
2458358.20000000 0.403820814031256802856262 0.000812658119102155503642 -0.000373477736012878887457 0.914837663334675865733914
2458358.30000000 0.667397572122754523249455 0.000657343652062983372503 -0.000606365901853480010301 0.744701068176617519966953
2458358.40000000 0.865289563864885979960206 0.000437337333240697288470 -0.000779580993799260969779 0.501271554803706886893622
2458358.50000000 0.978020408781515637741677 0.000174290350130822325114 -0.000876075996668851755302 0.208507271144185324374121
2458358.60000000 0.994495220991110318031758 -0.000105910143868624283172 -0.000886354126816451984121 -0.104778139822679569603814
2458358.70000000 0.913092562620526293493128 -0.000375688571475206727502 -0.000809403348947410885769 -0.407751365185635761267946
2458358.80000000 0.741824022977095043351881 -0.000608494877658018748848 -0.000652796201350761559970 -0.670594007223597965428041
2458358.90000000 -0.497545721148072717099353 0.000781417408726828169666 0.000431944586908600031312 0.867437293513044549442270
2458359.00000000 -0.204299342764601182809159 0.000877437785798700097852 0.000168583092888700917253 0.978908055042996827488366
2458359.10000000 0.109054021774046744353015 0.000887105824070327829770 -0.000111369951143206686651 0.994035422394167977877544
2458359.20000000 0.411674371633720281860036 0.000809469642256943969216 -0.000380363189478008956613 0.911330572197639021680970
2458359.30000000 0.673778038831558401255961 0.000652169415125044334841 -0.000611923684775010677875 0.738933254503931880030621
2458359.40000000 0.869568981010945818432845 0.000430685532757572907877 -0.000783262269523414826795 0.493810680598409046382358
2458359.50000000 0.979777597968171320985675 0.000166815164448378994459 -0.000877516370056563143470 0.200087632443592233766338
2458359.60000000 0.993557241718227124316343 -0.000113472920150644305311 -0.000885409494387553010555 -0.113327889782914956184889
2458359.70000000 0.909551730103067446187026 -0.000382594004508922521865 -0.000806164596635082649455 -0.415589766460074450105111
2458359.80000000 0.736028823299513246247727 -0.000614062161882917190332 -0.000647580269047765434004 -0.676949610265638934691879
2458359.90000000 -0.490066513480282850423464 0.000785096950632174208837 0.000425263416474583333133 0.871684584662582473413295
2458360.00000000 -0.195872226535010934833636 0.000878865412790309471006 0.000161093356438597100312 0.980629018801797980309232
2458360.10000000 0.117599657408588728624288 0.000886138776539005697253 -0.000118931410496600717679 0.993060683538638522271924
2458360.20000000 0.419497471650537467890985 0.000806200791435771491750 -0.000387251844375437485803 0.907756063793820011653679
2458360.30000000 0.680108659628213763070903 0.000646918299444664175735 -0.000617460618726748235521 0.733110776988591728020594
2458360.40000000 0.873784066930938574380150 0.000423967079536003083658 -0.000786901059403419689958 0.486313279086194316658265
2458360.50000000 0.981462304512908056963738 0.000159289157177912326811 -0.000878896973679942875197 0.191653194564375878305995
2458360.60000000 0.992545761342859989007081 -0.000121066579245822649141 -0.000884393973825330515642 -0.121869253013063921775583
2458360.70000000 0.905943611944880822228754 -0.000389508103845991916769 -0.000802850512209173647685 -0.423397420504783295047702
2458360.80000000 0.730179175638613897625362 -0.000619615727761676018948 -0.000642291425276583500918 -0.683255131704685658711185
2458360.90000000 -0.482551054226684705827921 0.000788742299222575798945 0.000418518174739188335721 0.875867388816447545174526
2458361.00000000 -0.187430621531285201974981 0.000880242130946518974537 0.000153553785820414827584 0.982277437238007866682210
2458361.10000000 0.126136591761361299690591 0.000885109312940255982954 -0.000126524552896479261467 0.992012480159058851469922
2458361.20000000 0.427289536696881966371109 0.000802864146340918362864 -0.000394151915500244598174 0.904114401988012628130775
2458361.30000000 0.686388966207088446758178 0.000641600454268682982711 -0.000622988517186130394410 0.727234066379127352952594
2458361.40000000 0.877934511993810451357945 0.000417189095006133541400 -0.000790512056511957924253 0.478779901095948146050318
2458361.50000000 0.983074404384773226084349 0.000151716066146916458068 -0.000880234371281483668654 0.183204578579954341366332
2458361.60000000 0.991460854368972244188285 -0.000128691202333642765307 -0.000883324371853497106004 -0.130401600565462655323401
2458361.70000000 0.902268473857130048898512 -0.000396434889280082439818 -0.000799477022262971132559 -0.431173752400052123778806
2458361.80000000 0.724275510768666697103413 -0.000625163331033698477235 -0.000636943656064632799524 -0.689510107230750901585736
2458361.90000000 -0.474999896820273381781163 0.000792364427488163837118 0.000411719970894440805056 0.879985397984150208294807
2458362.00000000 -0.178975150808331706642207 0.000881581329528397720889 0.000145971856963756849157 0.983853188691871105575615
2458362.10000000 0.134664194737989795225275 0.000884032216456950761113 -0.000134146070942367973437 0.990890889627561333163897
2458362.20000000 0.435049991660839296958585 0.000799474719719038703046 -0.000401064540390883646388 0.900405855568841007041669
2458362.30000000 0.692618495039273751601172 0.000636229911681181377336 -0.000628512960147766214063 0.721303556425081704439606
2458362.40000000 0.882020009145410455175806 0.000410363477501457876457 -0.000794104994572568628590 0.471211103928507957228078
2458362.50000000 0.984613778308566223174125 0.000144104655830802874097 -0.000881541886524392207837 0.174742409512214119660101
