2461587.50000000 0.757400929570478553820578 0.000888080494755786003895 -0.001014963327369670237355 0.652948706291428204728788
2461587.60000000 0.922435807492179016264799 0.000530182416159820607375 -0.001239768787230662201726 0.386148110102592756476270
2461587.70000000 0.996685247203525803705304 0.000120087049810043788953 -0.001342556479959581801700 0.081343107438160131006377
2461587.80000000 0.972841675049716081424833 -0.000301843616688332496822 -0.001313205067943075442585 -0.231467621210780072349422
2461587.90000000 0.853251757249202880117878 -0.000694081301880331534571 -0.001154598617348031371760 -0.521497482164439918328469
2461588.00000000 -0.649685443431671894032320 0.001018018762986630998055 0.000882343179457766848758 0.760201953233944238697006
2461588.10000000 -0.382177577058318229674683 0.001241769783790725020442 0.000523231219040930011985 0.924087919967750082150815
2461588.20000000 -0.077056081094516754026458 0.001343307772575574876583 0.000112604985945124989335 0.997025848817547966085328
2461588.30000000 0.235649214953950969508867 0.001312634050896783121862 -0.000309121698479071277312 0.971837244052132231963981
2461588.40000000 0.525162093986555555957807 0.001152762388228507819260 -0.000700440943319673441254 0.851001148977214239010891
2461588.50000000 0.762988914796616790603423 0.000879422846741311002410 -0.001022836088988750670795 0.646410161057727861155797
2461588.60000000 0.925722940609528088806712 0.000519514039442432393190 -0.001244572763273728288613 0.378199971407512380849880
2461588.70000000 0.997348011032895609417892 0.000108456093381150244555 -0.001343822528068356128572 0.072767625127301532872437
2461588.80000000 0.970814840882716745262826 -0.000313295188956073066260 -0.001310811669852767272215 -0.239826454629985308386608
2461588.90000000 0.848734804566269596115546 -0.000704229925680321250381 -0.001148783607943080434938 -0.528816996581812803768230
2461589.00000000 -0.643122927313419912032089 0.001025869619663849312274 0.000873680161824872346908 0.765761767547665561650660
2461589.10000000 -0.374215375401828309609442 0.001246554433527975649237 0.000512573001022188518699 0.927340841429637907644690
2461589.20000000 -0.068477827806253957487748 0.001344559485305934273119 0.000100999614928010109549 0.997651727336477334162623
2461589.30000000 0.243999254647154079078675 0.001310233442658666506639 -0.000320534034754124577248 0.969774481143695021856388
2461589.40000000 0.532462115452360773559803 0.001146948893680330323896 -0.000710540004969894135704 0.846452760199085219028348
2461589.50000000 0.768520455413462144633741 0.000870770919998450237433 -0.001030631638030251196608 0.639823795405367490296555
2461589.60000000 0.928941590302311048787942 0.000508876443516965786505 -0.001249301765881289782295 0.370223854034386290479119
2461589.70000000 0.997936992714955062311333 0.000096879873328562711465 -0.001345023957132017835073 0.064186759503254212089196
2461589.80000000 0.968716187425550212530823 -0.000324671771303262316367 -0.001308371567521616520013 -0.248167546168750752233478
2461589.90000000 0.844155063845961062263257 -0.000714289350151369492430 -0.001142945996267656074905 -0.536097390077501678717908
2461590.00000000 -0.636512833964351210092047 0.001033624945389494684603 0.000865022750592268473840 0.771264932142776138412898
2461590.10000000 -0.366225489838077067350497 0.001251246216626796924770 0.000501950103908896708670 0.930525159800345669225408
2461590.20000000 -0.059894508541795503375749 0.001345730254231689362876 0.000089457908780113005597 0.998203801261823620016855
2461590.30000000 0.252331243780440306334611 0.001307772421466661281683 -0.000331858605149220914788 0.967639975927517048681636
2461590.40000000 0.539722746357397475946982 0.001141102593791459103231 -0.000720534024831669160996 0.841841752219221306496877
2461590.50000000 0.773995142251427292734434 0.000862118580853985720484 -0.001038313720958938075542 0.633190096595630413922606
2461590.60000000 0.932091518509179706164502 0.000498272760389865346925 -0.001253918983095744701245 0.362220348040102557707343
2461590.70000000 0.998452148724597088325083 0.000085370667416684545173 -0.001346125719439729894952 0.055601145350470067285631
2461590.80000000 0.966545869976762284103700 -0.000335952626663092496131 -0.001305853705365147198955 -0.256490278787375569624629
2461590.90000000 0.839512873929899927638587 -0.000724231593942183072762 -0.001137060719056150626810 -0.543338124087558882457927
2461591.00000000 -0.629855652410965083376482 0.001041251190659657098123 0.000856353526169411445254 0.776711039949851023145300
2461591.10000000 -0.358208511449518263169978 0.001255808058542918744308 0.000491353950996755014721 0.933640639562212659718909
2461591.20000000 -0.051306758290236807729112 0.001346781773118350608587 0.000077980800844930134286 0.998682029802904547288733
2461591.30000000 0.260644565975808151225834 0.001305213858686879360022 -0.000343084882709225711013 0.965433886362218607324337
2461591.40000000 0.546943449588294661189991 0.001135189917290991851867 -0.000730403401056202482636 0.837168466204195715896219
2461591.50000000 0.779412570337982057999682 0.000853438016656616715676 -0.001045854765337889558802 0.626509555417897323614795
2461591.60000000 0.935172492252049791794377 0.000487682814955455682521 -0.001258390508196022446186 0.354190045531342423412724
2461591.70000000 0.998893441002795978711504 0.000073917365214137107526 -0.001347089652975410603228 0.047011417835844129808898
2461591.80000000 0.964304049145147779142917 -0.000347138931381578777231 -0.001303218066040161054672 -0.264794036789226916450701
2461591.90000000 0.834808578288980585035972 -0.000734047661146705783530 -0.001131088476486551966035 -0.550538662972477776946789
2461592.00000000 -0.623151875198082905171759 0.001048729614741587042731 0.000847636486067017392264 0.782099688092975142694740
2461592.10000000 -0.350165033362950572914940 0.001260212557019554317078 0.000480754250642053185521 0.936687050273030341607239
2461592.20000000 -0.042715212394919030436391 0.001347679661670038052043 0.000066545789184944777639 0.999086377627528943179414
2461592.30000000 0.268938606218972808825640 0.001302518579855007881466 -0.000354225986652623918514 0.963156375701226585839265
2461592.40000000 0.554123690970313442782924 0.001129169441011792585430 -0.000740150884692980406791 0.832433247929212472016047
2461592.50000000 0.784772338911005062911386 0.000844688293503704861441 -0.001053246858303406733107 0.619782666143810612169318
2461592.60000000 0.938184283629602044918272 0.000477068905207827891318 -0.001262698192922010647157 0.346133540629263269927662
2461592.70000000 0.999260836940200847244853 0.000062488050982594043736 -0.001347888509623726025974 0.038418212465332869653967
2461592.80000000 0.961990890822913780056069 -0.000358254632362647721690 -0.001300430074846034523769 -0.273078205846972121850769
2461592.90000000 0.830042525000406428148381 -0.000743751878697315607983 -0.001124989660833957500971 -0.557698474017862544371837
2461593.00000000 -0.616401998309585863466964 0.001056063928170933438264 0.000838829645670518164909 0.787430477930080807702495
2461593.10000000 -0.342095650677062768085790 0.001264452540723604457434 0.000470109473678212181225 0.939664166574579851065607
2461593.20000000 -0.034120506486018796488136 0.001348406355356085613295 0.000055114607177447346126 0.999416814847274626032458
2461593.30000000 0.277212750872939284185748 0.001299659837404786022486 -0.000365314339919348032674 0.960807612471311744961611
2461593.40000000 0.561262939282987427525029 0.001123007079813911424440 -0.000749800884805514457170 0.827636447747830517052137
2461593.50000000 0.790074051443092062463336 0.000835830336125589247465 -0.001060504790180682478662 0.613009926471816735116249
2461593.60000000 0.941126669823385886282097 0.000466389644980356229270 -0.001266846281667754299180 0.338051429412671078367225
2461593.70000000 0.999554309367105653372221 0.000051041844687080062176 -0.001348515799901149224069 0.029822164998018808185209
2461593.80000000 0.959606566160734253401188 -0.000369337351013404396015 -0.001297473066047163990991 -0.281342173046260912716576
2461593.90000000 0.825215066673355535087353 -0.000753376117146648763973 -0.001118738684545173131188 -0.564817027525695292133889
2461594.00000000 -0.609606521139569701439598 0.001063278191990283012835 0.000829900347490594085358 0.792703015062046878469459
2461594.10000000 -0.334000960412378755659546 0.001268542775049893512121 0.000459382200192814732151 0.942571768201467152792361
2461594.20000000 -0.025523276438196473153708 0.001348966504123672114496 0.000043647663390187906734 0.999673317010994821885106
2461594.30000000 0.285466387779531205470818 0.001296632055422561758534 -0.000376389020155000800748 0.958387770437596597794538
2461594.40000000 0.568360666337706654793749 0.001116687621131628874518 -0.000759389376552562097265 0.822778420533850529672293
2461594.50000000 0.795317315683505943191278 0.000826840523931634207265 -0.001067659119836728747258 0.606191837467468963573936
2461594.60000000 0.943999433136380461384363 0.000455614769251757635322 -0.001270858030863191486665 0.329944309805232038890210
2461594.70000000 0.999773836553746408917220 0.000039543996531028571849 -0.001348986135821508272267 0.021223911395722609013470
2461594.80000000 0.957151251538783998107363 -0.000380423928066776545400 -0.001294352282777228415125 -0.289585326988719915508597
2461594.90000000 0.820326560448618069543159 -0.000762956851492435118856 -0.001112331341533335507185 -0.571893796817078636784970
2461595.00000000 -0.602765946425394494312400 0.001070406164074417338858 0.000820835480379609257369 0.797916909389136841390666
2461595.10000000 -0.325881561419943122093201 0.001272512207115234416852 0.000448551520938875419690 0.945409640018721186827122
2461595.20000000 -0.016924158310016122058750 0.001349382535615022702183 0.000032117823383199096791 0.999855865112751485135334
2461595.30000000 0.293698906313348717667111 0.001293449912672787506518 -0.000387481471148077433186 0.955897028594291819914019
2461595.40000000 0.575416347000859418336915 0.001110217302177274453431 -0.000768949992532617508829 0.817859525674867748890051
2461595.50000000 0.800501743692812461894448 0.000817716515971758607303 -0.001074743487117488672383 0.599328903533245860302259
2461595.60000000 0.946802360999905445737568 0.000444733761501070262116 -0.001274764983540627692749 0.321812781583852292044412
2461595.70000000 0.999919402222537168078986 0.000027976707166952906244 -0.001349327062426778798751 0.012624087783268327783714
2461595.80000000 0.954625128566020886289323 -0.000391538138193967910714 -0.001291089679295197604689 -0.297807057833178234762528
2461595.90000000 0.815377367950567255583394 -0.000772522204255994158692 -0.001105782792137071247202 -0.578928258325109301729583
2461596.00000000 -0.595880780204766646868109 0.001077478474902403846394 0.000811642651876780859416 0.803071775159831635626517
2461596.10000000 -0.317738054364752442459974 0.001276392036165799196215 0.000437617203570674756768 0.948177572041582039652496
2461596.20000000 -0.008323788257705704365930 0.001349684292408031898933 0.000020517200755704219096 0.999964445607967378215619
2461596.30000000 0.301909697422825751278452 0.001290140090969698087250 -0.000398606597680537357367 0.953335571167363227118585
2461596.40000000 0.582429459273767102800434 0.001103618059281621498896 -0.000778503615530802919355 0.812880127035248922773292
2461596.50000000 0.805626951912475353090315 0.000808474222630098382503 -0.001081783371883373277844 0.592421632341230464113835
2461596.60000000 0.949535246022868983928333 0.000433755598878705493811 -0.001278595575417396015133 0.313657446283904017825250
2461596.70000000 0.999990995565102847031369 0.000016341536456688914182 -0.001349568163189057744614 0.004023330348671878137212
2461596.80000000 0.952028384082326928350426 -0.000402685870491532925484 -0.001287714114660719636959 -0.306006757339865154143865
2461596.90000000 0.810367855276219239968327 -0.000782085086934653016082 -0.001099119343183753514520 -0.585919891635434231247359
2461597.00000000 -0.588951531804021932714477 0.001084514192442184114112 0.000802343942407585846224 0.808167230997601238051686
2461597.10000000 -0.309571041667289381660311 0.001280206226009822931614 0.000426595686272158883083 0.950875359470832570707444
2461597.20000000 0.000277197499472740479555 0.001349899048806172102005 0.000008855527909019425515 0.999999050427217817116343
2461597.30000000 0.310098153691473921167443 0.001286731358535284520245 -0.000409762007722337727542 0.950703587609862510454661
2461597.40000000 0.589399484344195867535632 0.001096918219829444473071 -0.000788055346774442348236 0.807840592934926937651596
2461597.50000000 0.810692561161462932339816 0.000799139604328594796261 -0.001088791016387095434217 0.585470534858036906200596
2461597.60000000 0.952197886000022419850097 0.000422702089793253893164 -0.001282368343054452342750 0.305478907211417960443356
2461597.70000000 0.999988611253062487094212 0.000004654625895471103521 -0.001349732973901159342398 -0.004577724659497054218726
2461597.80000000 0.949361210157570023504547 -0.000413857779796569932255 -0.001284252461712107832442 -0.314183818910399093038421
2461597.90000000 0.805298392978145871623497 -0.000791643603339953812886 -0.001092369287508848695392 -0.592868179527309746568164
2461598.00000000 -0.581978713806941994057809 0.001091518986516898642031 0.000792967029166174574434 0.813202899936225298560544
2461598.10000000 -0.301381127466350207111390 0.001283967574844203495682 0.000415512026618975404378 0.953502802714157104979620
2461598.20000000 0.008878162697984312914934 0.001350045762833197889041 -0.000002846576708632837148 0.999959676984575662750387
2461598.30000000 0.318263669360922318851692 0.001283247400673348829689 -0.000420933014934707513087 0.948001272602543187950630
2461598.40000000 0.596325906585105092183596 0.001090144405560726200213 -0.000797597479225315938479 0.802741296158576034258658
2461598.50000000 0.815698196693622312736238 0.000789740206891424820386 -0.001095766208985117593638 0.578476125278367003801350
2461598.60000000 0.954790083948546475234309 0.000411599627103127470133 -0.001286090512007589904339 0.297277769350634935019428
2461598.70000000 0.999912249443538181381541 -0.000007060762602580679929 -0.001349835528246715000630 -0.013178440977938684491866
2461598.80000000 0.946623804075136132674118 -0.000425035457686473395686 -0.001280724412706233782816 -0.322337637653082487165790
2461598.90000000 0.800169356056689595746434 -0.000801185529755980450559 -0.001085556399187010377660 -0.599772607991005624050729
2461599.00000000 -0.574962842010747765542078 0.001098487654916015937578 0.000783537892318365955698 0.818178409455816324502564
2461599.10000000 -0.293168917614042345842762 0.001287678182338483721253 0.000404392388341734746165 0.956059707390875535004682
2461599.20000000 0.017478471077499176111747 0.001350133544471163139430 -0.000014564772530787702486 0.999846328180348797864951
2461599.30000000 0.326405640397326002322131 0.001279703505580655990143 -0.000432098933482553038046 0.945228826034137270539759
2461599.40000000 0.603208213605525345180070 0.001083316785411498174921 -0.000807114495684851072921 0.797582613921102967502463
2461599.50000000 0.820643488218669836520291 0.000780299428600614341026 -0.001102699683585410019016 0.571438920996801602569803
2461599.60000000 0.957311648104046342133699 0.000400472970994018124483 -0.001289759641618791214529 0.289054639377060662575047
2461599.70000000 0.999761915779497800649267 -0.000018780438664403968088 -0.001349880243442168467269 -0.021778182366419852888928
2461599.80000000 0.943816368329751020915808 -0.000436197126453874374410 -0.001277140743619844913403 -0.330467610388731403148199
2461599.90000000 0.794981123932681055244132 -0.000810693113291569076966 -0.001078696834655275965664 -0.606632666265177200592973
2461600.00000000 -0.567904435405389262925269 0.001105407731565988867922 0.000774076699933522226552 0.823093391496605208956794
2461600.10000000 -0.284935019604914629987036 0.001291331692582486315862 0.000393259308520245074153 0.958545884353975918834578
2461600.20000000 0.026077486445269824899551 0.001350162481204914477137 -0.000026275935539034700955 0.999659012399327751019484
2461600.30000000 0.334523464497737732514793 0.001276106035288561294308 -0.000443237832802573564466 0.942386452997734047620781
2461600.40000000 0.610045896291898981367297 0.001076447352128320766873 -0.000816587301419705187920 0.792364927835110144371811
2461600.50000000 0.825528069912143003250549 0.000770833836753417054113 -0.001109576563932379448044 0.564359442591038762415678
2461600.60000000 0.959762391935650716057182 0.000389341886930253170372 -0.001293366099057455167326 0.280810125605561344830363
2461600.70000000 0.999537621386997865435831 -0.000030483021706471956548 -0.001349863329473176580195 -0.030376312670444622493493
2461600.80000000 0.940939110606299644601336 -0.000447321454157365938718 -0.001273503647471136432726 -0.338573135707797789883955
2461600.90000000 0.789734080407170746518375 -0.000820146687021756654740 -0.001071798453084382620609 -0.613447846887062109288991
2461601.00000000 -0.560804016153506945663310 0.001112262662498143513459 0.000764596239862553195971 0.827947482470930085085570
2461601.10000000 -0.276680042553299476715267 0.001294915839290862067876 0.000382129412692596174758 0.960961149694622318584436
2461601.20000000 0.034674572675690726319964 0.001350125414489037689938 -0.000037960954983483448583 0.999397743508430358438943
2461601.30000000 0.342616541143286712500782 0.001272453352004875980902 -0.000454329621772666455027 0.939474363770336995393961
2461601.40000000 0.616838448836007247066959 0.001069539974385462499651 -0.000825996364348569934478 0.787088623886331162360364
2461601.50000000 0.830351580437037273263456 0.000761352377578778977303 -0.001116379333754882264076 0.557238213787382030695028
2461601.60000000 0.962142134162761397675467 0.000378219598767999055141 -0.001296895650325294866226 0.272544837925724758864732
2461601.70000000 0.999239382872417536418652 -0.000042152110347905508234 -0.001349774820333480163798 -0.038972195826470629187455
2461601.80000000 0.937992243769777189754677 -0.000458390170843597495685 -0.001269808064864046300013 -0.346653613991365350255336
2461601.90000000 0.784428613650365647025353 -0.000829527525443371580721 -0.001064861355096173448423 -0.620217645702201170188061
2461602.00000000 -0.553662109522448209197876 0.001119034674355133237092 0.000755101633348711034389 0.832740323307076257819404
2461602.10000000 -0.268404597118811205636035 0.001298415098131989976402 0.000371012333011132874709 0.963305324761156267499018
2461602.20000000 0.043269093792701558698344 0.001350010161541332839863 -0.000049606517959996249416 0.999062540852057145990273
2461602.30000000 0.350684271642620226661080 0.001268737427913728356074 -0.000465358385148704784429 0.936492773794332156178655
2461602.40000000 0.623585368753562740984364 0.001062591262638452535572 -0.000835324405229186388484 0.781754092415807400051619
2461602.50000000 0.835113662982530646772261 0.000751856428674337962451 -0.001123090651342385174610 0.550075761399011931018777
2461602.60000000 0.964450698756076807427462 0.000367112028719649764220 -0.001300332158412842269157 0.264259387787035782135803
2461602.70000000 0.998867222317501468609180 -0.000053777783063948716286 -0.001349600925749345516069 -0.047565195938450093027239
2461602.80000000 0.934975985837477541195994 -0.000469390172824223279088 -0.001266043491400218375803 -0.354708447479876065600024
2461602.90000000 0.779065116157024450949109 -0.000838820363633913123648 -0.001057878998754577032013 -0.626941561917131684467108
2461603.00000000 -0.546479243861413888083689 0.001125707486318420959964 0.000745590676583276351641 0.837471559460595371682246
2461603.10000000 -0.260109295518129612911906 0.001301813357775736743061 0.000359910262853794843309 0.965578236152448976525875
2461603.20000000 0.051860413985365290401308 0.001349801922680383568440 -0.000061206284832095907492 0.998653429248344992608111
2461603.30000000 0.358726059171035449590903 0.001264945797187793817204 -0.000476314170705436311631 0.933441903659870009235533
2461603.40000000 0.630286156930434438017130 0.001055591921630030360219 -0.000844558630979129758461 0.776361728080218194136819
2461603.50000000 0.839813965279694873977689 0.000742340465544342846538 -0.001129695834271956427289 0.542872615296313587585075
2461603.60000000 0.966687914951867011126296 0.000356017752621359633274 -0.001303660115046528832419 0.255954388138405264374597
2461603.70000000 0.998421167274169185645860 -0.000065357320940075599720 -0.001349326414374165273441 -0.056154677322425378127591
2461603.80000000 0.931890559964717590801797 -0.000480314839999558648893 -0.001262196041300195185897 -0.362737040301998880931222
2461603.90000000 0.773643984736443135474815 -0.000848015187248000882128 -0.001050839808411209962136 -0.633619098107433886823969
2461604.00000000 -0.539255950554127450047304 0.001132268426046346282421 0.000736054901713235963483 0.842140840942219526255030
2461604.10000000 -0.251794751427722174330626 0.001305096203456797580508 0.000348818420907406130833 0.967779715742529189625998
2461604.20000000 0.060447897694102727117471 0.001349485574483401048584 -0.000072761029195246009968 0.998170438982507901570784
2461604.30000000 0.366741308815361599648952 0.001261063710392168035063 -0.000487193703145755781670 0.930321979084988259778299
2461604.40000000 0.636940317670572020425368 0.001048528633943980603593 -0.000853691961059494961936 0.770911929809668383661858
2461604.50000000 0.844452139620788133633766 0.000732793562941277064858 -0.001136184511100794651550 0.535629308372626122825011
2461604.60000000 0.968853617261792199322201 0.000344929031198654611947 -0.001306866610294389087488 0.247630453381642690047215
2461604.70000000 0.997901250761064950722812 -0.000076894708463228308342 -0.001348936778173829209235 -0.064740004525228642129342
2461604.80000000 0.928736194429607864186949 -0.000491164102718088797610 -0.001258250671994824189392 -0.370738798507896150091767
2461604.90000000 0.768165620445504959690197 -0.000857107868759417559391 -0.001043729318054883829781 -0.640249760296868197784192
2461605.00000000 -0.531992763998003104219947 0.001138709605040034034823 0.000726481496635270626930 0.846747822328674293324013
2461605.10000000 -0.243461579959361795744144 0.001308252566008311383247 0.000337726611311253298222 0.969909600684147443772076
2461605.20000000 0.069030909615675095647447 0.001349047691153921124316 -0.000084277557701236801495 0.997613605803822522943847
2461605.30000000 0.374729427615040910914956 0.001257076393518063170754 -0.000497999878080706290598 0.927133230897244309254290
2461605.40000000 0.643547358707266758948151 0.001041386394961733071612 -0.000862723152644832239760 0.765405100795289783377484
2461605.50000000 0.849027842885170080933221 0.000723201627131037018577 -0.001142551388551603548660 0.528346376500307801649114
2461605.60000000 0.970947645485147226018796 0.000333833758391483524392 -0.001309942699913321014632 0.239288199315440097691976
2461605.70000000 0.997307511256708245639402 -0.000088399136441602921342 -0.001348420104073001866279 -0.073320542410825792489781
2461605.80000000 0.925513122603021987089278 -0.000501943531684602623801 -0.001254193414591809685801 -0.378713130140438503090650
2461605.90000000 0.762630428586334785379108 -0.000866099932635416977153 -0.001036532576201593114362 -0.646833057956032742019659
2461606.00000000 -0.524690221524819699894238 0.001145028388068949996154 0.000716855676910734570910 0.851292162811150721068998
2461606.10000000 -0.235110397597618370202355 0.001311275858561111295336 0.000326621352852859482031 0.971967733422893775951934
2461606.20000000 0.077608814769914491460412 0.001348478247101009969144 -0.000095767014271468860220 0.996982970920143762860732
2461606.30000000 0.382689824608954121121229 0.001252971159252740628032 -0.000508740650403908287007 0.923875895013278713996385
2461606.40000000 0.650106791259911331870569 0.001034150835473571141548 -0.000871656367382428140002 0.759841648440231609562545
2461606.50000000 0.853540736573191072267264 0.000713549713123177325493 -0.001148796523754249277599 0.521024358473740401009877
2461606.60000000 0.972969844712575193668158 0.000322717560286450895219 -0.001312884340510929838744 0.230928243113972919697829
2461606.70000000 0.996639992696191412413498 -0.000099883307958260853865 -0.001347768565368150355671 -0.081895656181543916019017
2461606.80000000 0.922221582940116024751376 -0.000512663189703479712026 -0.001250013263661486429337 -0.386659445251650080166428
2461606.90000000 0.757038818664642509936868 -0.000874998034893102825255 -0.001029236243525426166417 -0.653368504050686138562298
2461607.00000000 -0.517348863386409840714464 0.001151227517582476553640 0.000707162789807604737387 0.855773526202060041967457
2461607.10000000 -0.226741822180470814496189 0.001314164700090339043398 0.000315487798520570450304 0.973953961700707915305486
2461607.20000000 0.086180978571344102334706 0.001347771839945543668679 -0.000107243306316798914625 0.996278580991319384629890
2461607.30000000 0.390621910886680301366880 0.001248738990287650597877 -0.000519427923719453397619 0.920550212416680446736450
2461607.40000000 0.656618130050166226574504 0.001026810004150591291300 -0.000880500590086316712972 0.754221984344622287110838
2461607.50000000 0.857990486822014397638725 0.000703823841035330910465 -0.001154925285699800194608 0.513663795981415538527415
2461607.60000000 0.974920065341627339883246 0.000311565492076875912627 -0.001315692859299563395939 0.222551203261533547816953
2461607.70000000 0.995898744464407292831254 -0.000111361989680736837545 -0.001346979326519245553917 -0.090464711457387908533079
2461607.80000000 0.918861818952418807349147 -0.000523336527998386987805 -0.001245703416665483497308 -0.394577155969422499470767
2461607.90000000 0.751391204353232367019189 -0.000883813266021823713131 -0.001021830051424563222742 -0.659855615083665192344142
2461608.00000000 -0.509969232695952401357431 0.001157314850636548177881 0.000697389872163944554186 0.860191580970620761625867
2461608.10000000 -0.218356472823382913306389 0.001316923083143036951603 0.000304311276992927435929 0.975868138574063181955864
2461608.20000000 0.094746766835752699309481 0.001346928260214132850800 -0.000118721685332264913909 0.995500488128079785710156
2461608.30000000 0.398525099621141465355834 0.001244375461381246831399 -0.000530076345838426132330 0.917156429144083240601049
2461608.40000000 0.663080893370999735481064 0.001019355575471798686787 -0.000889268717006000712286 0.748546524246194278084943
2461608.50000000 0.862376764427459141515442 0.000694012409368628766654 -0.001160947798007801613079 0.506265233570454276090800
2461608.60000000 0.976798163092940985308132 0.000300363563680688006475 -0.001318374795606273549090 0.214157699482229318954651
2461608.70000000 0.995083821396070433706882 -0.000122850477216002721597 -0.001346054807243489458493 -0.099027074275974513728471
2461608.80000000 0.915434079194060723594362 -0.000533978953875447110745 -0.001241261960440241673975 -0.402465676530223803730735
2461608.90000000 0.745688003458645942700400 -0.000892559935095070511833 -0.001014307882496308767586 -0.666293911133455263318126
2461609.00000000 -0.502551875413644655310463 0.001163302469318206432136 0.000687527064919592765038 0.864546000251961488380914
2461609.10000000 -0.209954969863900275939272 0.001319559906629658380464 0.000293078948305408484680 0.977710122426616257129695
2461609.20000000 0.103305545859426903265721 0.001345952517399040364310 -0.000130216973529340341491 0.994648749885956529048769
2461609.30000000 0.406398806133464240986086 0.001239881293331873083480 -0.000540701565089681630491 0.913694796258069708017047
2461609.40000000 0.669494603095190377040069 0.001011783920727684889587 -0.000897976001913970808994 0.742815688012970820608416
2461609.50000000 0.866699244884067687699769 0.000684107721020546315736 -0.001166877732637736043639 0.498829218580776889702122
2461609.60000000 0.978603999012675696000940 0.000289100608204062776464 -0.001320941179922492875534 0.205748352730404315824586
2461609.70000000 0.994195283767180360001703 -0.000134362541198233755198 -0.001345002547273957578533 -0.107582111196983590262199
2461609.80000000 0.911938617235586446163609 -0.000544605778852139013439 -0.001236692369501886075780 -0.410324423341529742614853
2461609.90000000 0.739929637896914460526432 -0.000901253719930751053500 -0.001006668887828426938238 -0.672682915882803378337940
2461610.00000000 -0.495097340262324048243414 0.001169205223461654546274 0.000677569269365646369152 0.868836461898178091800560
2461610.10000000 -0.201537934860992890007125 0.001322088069645214634604 0.000281781859072103429975 0.979479776970267446145613
2461610.20000000 0.111856682458861156348462 0.001344854592188706420008 -0.000141741297211821096289 0.993723429262124757777030
2461610.30000000 0.414242447911606415100749 0.001235262805369447122392 -0.000551317967320747652320 0.910165569839950894248659
2461610.40000000 0.675858784722781380516210 0.001004097230400127164357 -0.000906638016007521130128 0.737029899602904103872447
2461610.50000000 0.870957608400570015838582 0.000674107676058659103027 -0.001172730691339901858833 0.491356301119940164223721
2461610.60000000 0.980337439485542305739330 0.000277770386776203287611 -0.001323406492968839638993 0.197323785138630691804451
2461610.70000000 0.993233197293152736406796 -0.000145908109226771141387 -0.001343834839441939918436 -0.116129189324726100895901
2461610.80000000 0.908375691657835604431170 -0.000555229904389964576059 -0.001232003840597601686258 -0.418152814998319244388369
2461610.90000000 0.734116533663666248621382 -0.000909909567713996559647 -0.000998918480624860554914 -0.679022156654293440602999
2461611.00000000 -0.487606178711261106784036 0.001175039029013617581515 0.000667517695219285202290 0.873062648488385328882089
2461611.10000000 -0.193105990490753248733924 0.001324523304791791608256 0.000270416892259224724004 0.981176971269171471767834
2461611.20000000 0.120399544037595021550580 0.001343648885095261209799 -0.000153301916815069691957 0.992724594689475603459528
2461611.30000000 0.422055444682199409900392 0.001230531999233489773987 -0.000561936476039838483931 0.906569010959499266277817
2461611.40000000 0.682172967431658006098871 0.000996304197220905128282 -0.000915268597612191835144 0.731189587019795306233050
2461611.50000000 0.875151539931139588190945 0.000664016970119921481376 -0.001178522457986629513177 0.483847034011764431937763
2461611.60000000 0.981998356253928283976506 0.000266373184624013647007 -0.001325787336755630905355 0.188884619933671699110178
2461611.70000000 0.992197633127298805888472 -0.000157491409099933481587 -0.001342567893711637053156 -0.124667676340504740561954
2461611.80000000 0.904745566019267810631277 -0.000565859847497673538672 -0.001227210982460011628320 -0.425950272360388126902109
2461611.90000000 0.728249120773749147872422 -0.000918539740593238545480 -0.000991068547205255180252 -0.685311164478945133993193
2461612.00000000 -0.480078944939596574670304 0.001180819058398174152894 0.000657380557675235253044 0.877224247352059505189459
2461612.10000000 -0.184659760527829702736469 0.001326882621089165922856 0.000258987891116569822394 0.982801579744979725283827
2461612.20000000 0.128933498593938572485129 0.001342353001020108599350 -0.000164899753273260371838 0.991652320037858081569482
2461612.30000000 0.429837218444654556304130 0.001225705755646615269239 -0.000572562820178029426368 0.902905385661506798555820
2461612.40000000 0.688436684084585914789045 0.000988419675871503658482 -0.000923877963815015568021 0.725295182309942942922021
2461612.50000000 0.879280729191517784748555 0.000653847248349548868830 -0.001184267066862875394592 0.476301972772814219414528
2461612.60000000 0.983586626424160836990040 0.000254916467223588157423 -0.001328100580965448519050 0.180431481415029099091285
2461612.70000000 0.991088667852568661054136 -0.000169109829987329241289 -0.001341220188870607477397 -0.133196940596015084290471
2461612.80000000 0.901048508843556805736341 -0.000576498170577574792564 -0.001222332500252875167601 -0.433716218584795365487139
2461612.90000000 0.722327833274943986729966 -0.000927151901474982851302 -0.000983136583251976786321 -0.691549474085166648862355
2461613.00000000 -0.472516195781855052882037 0.001186557606163936295918 0.000647172764489058215988 0.881320950603046604499013
2461613.10000000 -0.176199869790205604358491 0.001329182106161226010338 0.000247505963510956698229 0.984353482190866047041311
2461613.20000000 0.137457914812015441485826 0.001340985668913983281866 -0.000176528445654713152810 0.990506684606582088470361
2461613.30000000 0.437587193528164997147201 0.001220804062404457065658 -0.000583195988243727088222 0.899174964942639154408255
2461613.40000000 0.694649471300760601444324 0.000980463401996453914194 -0.000932470656333506337302 0.719347121500389596882030
2461613.50000000 0.883344870699588224915999 0.000643616468770199698889 -0.001189974394018329575257 0.468721675546444727089579
2461613.60000000 0.985102132477677083777223 0.000243414992076104274958 -0.001330360802850943111389 0.171964994917138430663428
2461613.70000000 0.989906383484619345480837 -0.000180753024356848293738 -0.001339809996409998312655 -0.141716351115761918233460
2461613.80000000 0.897284793603449704058050 -0.000587139835823591305086 -0.001217389048378837972803 -0.441450079168984155231215
2461613.90000000 0.716353109181245728542820 -0.000935746838104110738310 -0.000975144103900800886080 -0.697736623976066283603359
2461614.00000000 -0.464918490685229224279595 0.001192261371038130790545 0.000636915069156647147865 0.885352455167174867689539
2461614.10000000 -0.167726944113464587760021 0.001331434009534355122559 0.000235989498562191835854 0.985832563780704385081322
2461614.20000000 0.145972162089641782634075 0.001339563900759088406825 -0.000188173432031060993688 0.989287773124603253549481
2461614.30000000 0.445304796598837759891154 0.001215847526628531299550 -0.000593826455958660682534 0.895378024752990775425587
2461614.40000000 0.700810869473082465042069 0.000972458109462761709392 -0.000941043050655780591134 0.713345844587955468796281
2461614.50000000 0.887343663795397530336118 0.000633347824240954710394 -0.001195647155415941170070 0.461106703074390111840586
2461614.60000000 0.986544762285466836360115 0.000231890662701685144453 -0.001332577034189739734887 0.163485786758128970319603
2461614.70000000 0.988650867465092231256563 -0.000192402079047134579601 -0.001338352162640860099074 -0.150225277683534053085879
2461614.80000000 0.893454698709179595539354 -0.000597770445545452925977 -0.001212400333116004378167 -0.449151281986349737440634
2461614.90000000 0.710325390459249583763324 -0.000944315897996582192218 -0.000967114325072384846751 -0.703872156450015218354110
2461615.00000000 -0.457286391682645954048780 0.001197928278057088652409 0.000626632540151468814087 0.889318462802233478114999
2461615.10000000 -0.159241610278858997107321 0.001333643192865520020127 0.000224463568575088211025 0.987238715087380036550258
2461615.20000000 0.154475610593390683122905 0.001338099337716889105157 -0.000199811542596696402763 0.987995675748104651425763
2461615.30000000 0.452989456753631170027319 0.001210853890413676183999 -0.000604434776346973517622 0.891514845956628554368706
2461615.40000000 0.706920422807482462523865 0.000964426476020469243024 -0.000949581014455648064580 0.707291795509085829962714
2461615.50000000 0.891276812663555406679450 0.000623067350078980930136 -0.001201277766499217773341 0.453457618666466333312570
2461615.60000000 0.987914409126686932083317 0.000220370990197027026743 -0.001334749005622144334832 0.154994484163895829276214
2461615.70000000 0.987322212665828535804735 -0.000204030055508123444024 -0.001336853961178640195009 -0.158723090851708659165809
2461615.80000000 0.889558507487888561193756 -0.000608365693734350273213 -0.001207380825742257208361 -0.456819257341682327666632
2461615.90000000 -0.704245123004332063132438 0.000952839318349696677221 0.000959068008720405894285 0.709955617633745816874580
2461616.00000000 -0.449620463348889498611527 0.001203544715503149535249 0.000616350818475890896084 0.893218680127818354108626
2461616.10000000 -0.150744495964631741724560 0.001335803367659336125806 0.000212956876633872086574 0.988571832096558300584377
2461616.20000000 0.162967631283527092378449 0.001336593650335384138306 -0.000211413100074169928730 0.986630488062980481878128
2461616.30000000 0.460640605535083680344144 0.001205832823930729630346 -0.000614992498127827041769 0.887585714330317077092047
2461616.40000000 0.712977679365983885162450 0.000956385605251599082467 -0.000958059464662253915286 0.701185422105915612256410
2461616.50000000 0.895144026357853950237597 0.000612798447649904784972 -0.001206846429581150299815 0.445774988166872332406854
2461616.60000000 0.989210971693045837405123 0.000208884051995736222482 -0.001336863747058092454292 0.146491715276054867977962
2461616.70000000 0.985920517386048800290155 -0.000215606185650358417186 -0.001335310296655957103609 -0.167209162001529049179638
2461616.80000000 0.885596508159948392346905 -0.000618894320059369131524 -0.001202333777303861775398 -0.464453438029877652137856
2461616.90000000 -0.698112756612778162512711 0.000961287591660274823822 0.000951016614174035688350 0.715986557518643484954168
2461617.00000000 -0.441921272774176643327593 0.001209085052894114369754 0.000606088837087403260913 0.897052818644965443972694
2461617.10000000 -0.142236229749632070440413 0.001337894628154919635099 0.000201494557088890404936 0.989831816211301451780002
2461617.20000000 0.171447595972492511373630 0.001335034097567787099783 -0.000222948480451078898936 0.985192311080851368387812
2461617.30000000 0.468257676964226543514513 0.001200779685478207091387 -0.000625467530638914529645 0.883590920552116854125302
2461617.40000000 0.718982191079885257778415 0.000948339326000841639080 -0.000966446031368488572659 0.695027176118954259642635
2461617.50000000 0.898945018834542475261173 0.000602553207847372480736 -0.001212322693576047775293 0.438059379896668155129902
2461617.60000000 0.990434354102903813377168 0.000197449437323801940767 -0.001338894785902606642675 0.137978109085762440377820
2461617.70000000 0.984445885346926896630748 -0.000227104640227139911463 -0.001333700462183261010313 -0.175682863392269988933592
2461617.80000000 0.881568993853638627200553 -0.000629325917463567923067 -0.001197245650127474634813 -0.472053259312103845601882
2461617.90000000 -0.691928744951024521370186 0.000969627686797639842115 0.000942954709902641742027 0.721964529993266990182121
2461618.00000000 -0.434189389526709157429707 0.001214515753970145210683 0.000595849689614158170570 0.900820594756040926576190
2461618.10000000 -0.133717441049742591374638 0.001339885085651275429403 0.000190088110512860432528 0.991018574262472307090377
2461618.20000000 0.179914877358814062624504 0.001333392495004226711505 -0.000234398419862404068298 0.983681251232552344987425
2461618.30000000 0.475840107573800241702600 0.001195671834291653487167 -0.000635833975260228947794 0.879530760182795967594416
2461618.40000000 0.724933513795433248638744 0.000940272055170012898556 -0.000974709728794124043508 0.688817513137517267729493
2461618.50000000 0.902679508943388331232427 0.000592324203888809457108 -0.001217672364386230112257 0.430311364664412110414560
