2460370.50000000 -0.182396955997345594502335 0.001146563917083885143777 0.000231262592901309140068 0.983224278764179504541687
2460370.60000000 0.131215918262963554541400 0.001162317835846509361461 -0.000135392484273309760901 0.991353122494794236629900
2460370.70000000 0.431914620559009754252600 0.001063672023721257695397 -0.000488727095188952204846 0.901913737723621156128218
2460370.80000000 0.690104609770763599563281 0.000860333739341667550274 -0.000793964650174210995540 0.723708682425788896175334
2460370.90000000 0.880375023785872068415870 0.000572314525463964423463 -0.001021061837228220102458 0.474276762431374399042738
2460371.00000000 0.983999590276850244485729 0.000227960808145838883304 -0.001147665626928213306046 0.178166880289552215232973
2460371.10000000 0.990779657369923905108067 -0.000138835882673803915743 -0.001161313451499675509365 -0.135478052160666440073555
2460371.20000000 0.900047935965101020272527 -0.000491974498574404583463 -0.001060659977602731009541 -0.435789336636451529738423
2460371.30000000 0.720734174848641440114250 -0.000796697583841762986545 -0.000855609724397990824632 -0.693210561380552037213931
2460371.40000000 -0.470486297823999866096756 0.001023012220949709926918 0.000566342445899891723526 0.882406525509445205379677
2460371.50000000 -0.173933513336454653730456 0.001148642092350301300088 0.000221327195485528376191 0.984756703238772623798525
2460371.60000000 0.139737676676477767800932 0.001161220131239984942537 -0.000145479507108544671174 0.990187867083931916312167
2460371.70000000 0.439655989666375479618665 0.001059505920156426179643 -0.000497975648134256661248 0.898165485986580081068098
2460371.80000000 0.696303689849656737287376 0.000853508009946635530160 -0.000801466923773845422996 0.717746334491460413751440
2460371.90000000 0.884421706033701293669935 0.000563499089823912922143 -0.001026081474966882966376 0.466687128086448133057473
2460372.00000000 0.985495603267350528398083 0.000218020929639342776881 -0.001149710046425674687606 0.169696925647011498394789
2460372.10000000 0.989577764631636491721167 -0.000148924589275364682240 -0.001160182212962593143249 -0.143994720545576992964953
2460372.20000000 0.896266426879579802822207 -0.000501221895645116168570 -0.001056464447447348284359 -0.443514514652634639357842
2460372.30000000 0.714745222696251181204730 -0.000804196257764501118946 -0.000848762103825524108665 -0.699383942840753114467134
2460372.40000000 -0.462879330767558050396815 0.001028026590330537518025 0.000557515245601936104691 0.886420530835007935976932
2460372.50000000 -0.165457203349328424435427 0.001150680622172458797414 0.000211387142551382076162 0.986216277045275702128890
2460372.60000000 0.148249097533991652797525 0.001160083558624090899550 -0.000155556631348044888162 0.988949359213238121668610
2460372.70000000 0.447364833756120405805490 0.001055306756724398633412 -0.000507200867153812158007 0.894350789451686556397192
2460372.80000000 0.702451258544171230902009 0.000846659409782308820108 -0.000808935199453424146933 0.711730888862295296704019
2460372.90000000 0.888402960232463123624314 0.000554674183632406165093 -0.001031060569888856033594 0.459062968992717368443834
2460373.00000000 0.986918710929966525036150 0.000208086628667287078069 -0.001151712384165717514839 0.161214417080224298173263
2460373.10000000 0.988302664566779398569452 -0.000158992807345598440591 -0.001159012678652213699029 -0.152500736459687508128624
2460373.20000000 0.892418613473530686341917 -0.000510435838854421852946 -0.001052239438011700863387 -0.451206882231383166192984
2460373.30000000 0.708703394863341329390494 -0.000811652086319679215431 -0.000841897964643973945736 -0.705505585050318795303781
2460373.40000000 -0.455238120644100630052264 0.001032993557212167311243 0.000548687240337521003018 0.890368960251093466418126
2460373.50000000 -0.156968653089866599925628 0.001152672769066640434329 0.000201462999605094732810 0.987602892211715377435155
2460373.60000000 0.156749551202140458006085 0.001158907326978266113734 -0.000165602054605089294261 0.987637690505652532380054
2460373.70000000 0.455040582569789409106420 0.001051079844063450979830 -0.000516381406842140707261 0.890469930315175406398964
2460373.80000000 0.708546861087331891759789 0.000839799030261235805728 -0.000816350271160636671228 0.705662790539803408407238
2460373.90000000 0.892318491878913322423728 0.000545855900636205626161 -0.001035983593930541553016 0.451404849143022923740887
2460374.00000000 0.988268807994478248879489 0.000198177820428715426200 -0.001153662061996028279781 0.152719982105211704581649
2460374.10000000 0.986954451510731467500648 -0.000169018295962387030996 -0.001157800122095123569743 -0.160995470664514445102711
2460374.20000000 0.888504780408116645595840 -0.000519593457949335080052 -0.001047986530662002938041 -0.458865870313270696190244
2460374.30000000 -0.702609138300255398057459 0.000819043335746159483109 0.000835025165899417340723 0.711575035170061820366527
2460374.40000000 -0.447563232717474557276205 0.001037894221191900659060 0.000539872048255660803504 0.894251521683249395167081
2460374.50000000 -0.148468490490881593890649 0.001154603960225141076265 0.000191573173809910586758 0.988916446177541708095760
2460374.60000000 0.165238408853895596406502 0.001157682364461213751425 -0.000175593928894212075297 0.986252958006916036204359
2460374.70000000 0.462682668298177723897879 0.001046822371052962864779 -0.000525493601041829186231 0.886523195678170838895937
2460374.80000000 0.714590046565314995774543 0.000832930607471124139635 -0.000823688426065854735307 0.699542488425886954672706
2460374.90000000 0.896168011329413705112756 0.000537054315583681066149 -0.001040828571219259762390 0.443713335068938119487569
2460375.00000000 0.989545794605961592793619 0.000188310232158919304288 -0.001155540500220286672522 0.144214249097344149319611
2460375.10000000 0.985533225217177677457414 -0.000178980784465942939802 -0.001156530769371477782720 -0.169478294761097547649342
2460375.20000000 0.884525217225846316360105 -0.000528671384414207802885 -0.001043697813454398139188 -0.466490912336529672810315
2460375.30000000 -0.696462903853565795664338 0.000826345211190700049998 0.000828142285713360983695 0.717591844218656182974314
2460375.40000000 -0.439855234759791269283369 0.001042704133785102337331 0.000531074896783727550161 0.898067927932805321056264
2460375.50000000 -0.139957344385579190992885 0.001156451838528185652524 0.000181729227402632444654 0.990156841791145714282152
2460375.60000000 0.173715042521848550549635 0.001156389999795901088117 -0.000185515115984648780445 0.984795264178085383299788
2460375.70000000 0.470290525607376552752470 0.001042520688213006020001 -0.000534515878654059830438 0.882510877534595894466918
2460375.80000000 0.720580367937483590168313 0.000826046504866671349281 -0.000830925103733977940892 0.693370435303566345908166
2460375.90000000 0.899951233834794472876695 0.000528268391169063643645 -0.001045569595006739290616 0.435988995773439524938908
2460376.00000000 0.990749576324045921893457 0.000178489575635625745756 -0.001157322178577429444557 0.135697847293966583626101
2460376.10000000 0.984039090853043085793672 -0.000188868102091046250780 -0.001155181198233260235139 -0.177948581219401297248695
2460376.20000000 0.880480218359466104693922 -0.000537651695577173759956 -0.001039353546592988990910 -0.474081444218268310830666
2460376.30000000 -0.690265146225667258761405 0.000833535116283357557440 0.000821234628902459302957 0.723555567111669906132931
2460376.40000000 -0.432114697011373671831080 0.001047397408979528670228 0.000522287194822796101840 0.901817896695944032359193
2460376.50000000 -0.131435844402589679935645 0.001158188838139933207402 0.000171929367037748772684 0.991323987324393085529550
2460376.60000000 0.182178825117570913905141 0.001155002731639958495416 -0.000195360327181201239629 0.983264716890347445499287
2460376.70000000 0.477863591708144130887348 0.001038149139119487343944 -0.000543436017395920972599 0.878433272732199399435160
2460376.80000000 0.726517382078440743242709 0.000819124625547266831116 -0.000838041731106120178427 0.687147087789897526022287
2460376.90000000 0.903667879542536578441059 0.000519481137039894320419 -0.001050182738468365432546 0.428232402718705273958477
2460377.00000000 0.991880064127654725858463 0.000168705248929803831295 -0.001158979184926035507774 0.127171406737345310533627
2460377.10000000 0.982472158990208788154064 -0.000198683534210751435584 -0.001153721185846704692241 -0.186405703402651889977193
2460377.20000000 0.876370083078653827612925 -0.000546529860685461728320 -0.001034923090540402525195 -0.481636904445216229575522
2460377.30000000 -0.684016323958554939288490 0.000840600687965298710817 0.000814273146382759661389 0.729465762669709083532155
2460377.40000000 -0.424342192122009576049635 0.001051954348505520142262 0.000513483482101524083170 0.905501150585368952405929
2460377.50000000 -0.122904620978666695441106 0.001159788934872186746960 0.000162153579366562162513 0.992417796463556878272527
2460377.60000000 0.190629130489220754984814 0.001153489696152557421674 -0.000205142544805863761377 0.981661429407624908094476
2460377.70000000 0.485401306335067228570068 0.001033673911961862723966 -0.000552258784458478017669 0.874290682974624644430151
2460377.80000000 0.732400649772340983645336 0.000812130400158630940538 -0.000845034184446134947408 0.680872906329695992688755
2460377.90000000 0.907317673521097378674938 0.000510659578030150983555 -0.001054654899110744979002 0.420444129755287943073228
2460378.00000000 0.992937174410581047112601 0.000158928223746048375179 -0.001160489979939716403273 0.118635558236162702572258
2460378.10000000 0.980832545578674608321990 -0.000208449981255461524662 -0.001152121924461149433255 -0.194849035658310215657352
2460378.20000000 0.872195115491493200288176 -0.000555320814092311021946 -0.001030372111710849006641 -0.489156734047922647778961
2460378.30000000 -0.677716899371684555752893 0.000847547554719787718004 0.000807220194548836987407 0.735321993662700679195154
2460378.40000000 -0.416538295148599913009235 0.001056370558548322662745 0.000504625349545571389234 0.909117417118810999809853
2460378.50000000 -0.114364305286177178611062 0.001161237701731031215363 0.000152365384231757585321 0.993438188307580904989891
2460378.60000000 0.199065333462499605143847 0.001151827157057407676616 -0.000214893675421513928939 0.979985520366505880041075
2460378.70000000 0.492903111847088293284713 0.001029063391123184170381 -0.000561009122247470076381 0.870083414753034301014623
2460378.80000000 0.738229735776303575001123 0.000805026382752080924866 -0.000851918497139902606251 0.674548355110595965200559
2460378.90000000 0.910900345757071350227818 0.000501762965947596755421 -0.001058991864033749074475 0.412624753098245422577861
2460379.00000000 0.993920828975401349225649 0.000149117274158298021786 -0.001161849491941903400605 0.110090933315586808616260
2460379.10000000 0.979120371935079725211892 -0.000218206236586317110565 -0.001150367657145026775364 -0.203277953309357134470403
2460379.20000000 0.867955624485761800812611 -0.000564058141739389850428 -0.001025675126485190357881 -0.496640376683187945161535
2460379.30000000 -0.671367338524914814001932 0.000854401668734924499282 0.000800042242743489746132 0.741123826827568388253553
2460379.40000000 -0.408703583450261864751241 0.001060662466602822111630 0.000495673498136798705745 0.912666428755552483487179
2460379.50000000 -0.105815529167290173218063 0.001162540830771097849494 0.000142522422021758185485 0.994385087364483832850226
2460379.60000000 0.207486809892316381720434 0.001150009631254771342093 -0.000224656205877035632795 0.978237113755036746809424
2460379.70000000 0.500368453211190056251212 0.001024301279452382923071 -0.000569726705728516207364 0.865811779342917198221130
2460379.80000000 0.744004208818480949894081 0.000797786591166281923784 -0.000858728805289845557695 0.668173902050322676693384
2460379.90000000 0.914415631176034415794618 0.000492757439063074985548 -0.001063219913690856060703 0.404774851261835544313783
2460380.00000000 0.994830955036327124751949 0.000139232999182020255723 -0.001163074402087674406175 0.101538164121999438527233
2460380.10000000 0.977335764718446520227246 -0.000227994543707935986556 -0.001148464410858967155865 -0.211691832742389118848791
2460380.20000000 0.863651923694915168994157 -0.000572784076968241144014 -0.001020827202378797073090 -0.504087278680817485465582
2460380.30000000 -0.664968111166575059911565 0.000861202449849967754253 0.000792723846926542954558 0.746870832908997139831797
2460380.40000000 -0.400838636661985825426768 0.001064864119643046339730 0.000486603121645346142852 0.916147922903477684997142
2460380.50000000 -0.097258925087643055551467 0.001163724850019841935284 0.000132592274998576407962 0.995258423553505244818496
2460380.60000000 0.215892936718772132653754 0.001148054527764424091740 -0.000234467951919392598266 0.976416338899632307857246
2460380.70000000 0.507796778119459113476353 0.001019394901409762009895 -0.000578452236854207603803 0.861476092737386678344080
2460380.80000000 0.749723641664087669944649 0.000790407974909240165946 -0.000865506063618136302525 0.661750018725960620358251
2460380.90000000 0.917863269685099014694174 0.000483629949678286816424 -0.001067377676363159919731 0.396895004969243181403016
2460381.00000000 0.995667485223393433635408 0.000129253349375433495075 -0.001164198649594390833767 0.092977883411323819506933
2460381.10000000 0.975478855918728293694642 -0.000237844428184230688309 -0.001146439429030359814787 -0.220090051482996873488673
2460381.20000000 0.859284331479725493885269 -0.000581533680967862899071 -0.001015847344843834538022 -0.511496889087041828325653
2460381.30000000 -0.658519690695780868239240 0.000867988273372839432354 0.000785274770735747119042 0.752562586703068081561696
2460381.40000000 -0.392944036611146685356033 0.001069014846758711183641 0.000477414313856949551126 0.919561641965430442979823
2460381.50000000 -0.088695126065463286701984 0.001164827684662350258324 0.000122565517221724288146 0.996058132222231940033907
2460381.60000000 0.224283092060990230098838 0.001145996145863083150868 -0.000244347160779528264733 0.974523330455713154840680
2460381.70000000 0.515187536997509187841615 0.001014372962293124021127 -0.000587211594452642302033 0.857076675655104369688786
2460381.80000000 0.755387611164948569175692 0.000782912030217932405733 -0.000872282181070693535437 0.655277180337034192980639
2460381.90000000 0.921243006187339785739709 0.000474393600064244532789 -0.001071501173616266639615 0.388985797152610668359074
2460382.00000000 0.996430357607079431048192 0.000119182331885819104778 -0.001165260242457459051446 0.084410724453816143864060
2460382.10000000 0.973549782862561108309762 -0.000247761165575581228729 -0.001144330484868849324293 -0.228471988239347473248486
2460382.20000000 0.854853170906704429299339 -0.000590321180136388215867 -0.001010770892028888066211 -0.518868659733257353572355
2460382.30000000 -0.652022554105930463030916 0.000874781482682796874585 0.000777725852177612382750 0.758198667129158510036291
2460382.40000000 -0.385020367302993327118799 0.001073143812647071957539 0.000468131591759697173339 0.922907333363773729750790
2460382.50000000 -0.080124765606798709072223 0.001165883625664602529087 0.000112458867681234831360 0.996784154170039737863362
2460382.60000000 0.232656655232932996213435 0.001143871891573078466639 -0.000254285957738893545269 0.972558228421931070251105
2460382.70000000 0.522540183094342913783237 0.001009273758385777989416 -0.000596006294728409591159 0.852613853508275454373688
2460382.80000000 0.760995698299535838771135 0.000775335624323483796339 -0.000879068064951958735506 0.648755865686785337942410
2460382.90000000 0.924554590635749518057196 0.000465081545916786007634 -0.001075610137932631526700 0.381047812873848035231106
2460383.00000000 0.997119515719101512374323 0.000109047283155261608969 -0.001166286617771585725281 0.075837320996796089844771
2460383.10000000 0.971548688218127343141362 -0.000257725034746344192158 -0.001142171090574856627542 -0.236837022959407478284177
2460383.20000000 0.850358769742860953755326 -0.000599135825927206498547 -0.001005635373753047774256 -0.526202045277938457168432
2460383.30000000 -0.645477182012618611040011 0.000881581112981948871246 0.000770116268012062572812 0.763778657227425994413750
2460383.40000000 -0.377068214869558770985236 0.001077260023493459371174 0.000458793239268193728340 0.926184749579848087819300
2460383.50000000 -0.071548477699659579487346 0.001166911174082432790453 0.000102307174477841091747 0.997436435663980991428446
2460383.60000000 0.241013006809590341061877 0.001141708627398712152037 -0.000264255299955425647374 0.970521178140270723844196
2460383.70000000 0.529854172496274089532164 0.001004130777846779171494 -0.000604815121084612797482 0.848087956410098375847895
2460383.80000000 0.766547488201111626437978 0.000767716636495685577669 -0.000885851839031978551160 0.642186557169847738180124
2460383.90000000 0.927797778040502452157057 0.000455733471783336568147 -0.001079702912928559447106 0.373081639338263937322182
2460384.00000000 0.997734908565588662909818 0.000098886937780427790158 -0.001167286499697121589583 0.067258307240586803765758
2460384.10000000 0.969475720004333352264325 -0.000267700972512932924580 -0.001139979762052322235719 -0.245184536837138478126974
2460384.20000000 0.845801460437360597133249 -0.000607948706544249729659 -0.001000467787692165726535 -0.533496503253882203843261
2460384.30000000 -0.638884058579952118783751 0.000888366447335126757125 0.000762479554264136583606 0.769302144233205420498223
2460384.40000000 -0.369088167552459767151163 0.001081352400042869541311 0.000449436895628850757809 0.929393648168433506029373
2460384.50000000 -0.062966896752253961877521 0.001167909612304495262092 0.000092149438343254477216 0.998014928449801108634176
2460384.60000000 0.249351528636064773136738 0.001139515941953492218428 -0.000274217660170073820273 0.968412330298711765408370
2460384.70000000 0.537128964165466404878657 0.000998963084412607177018 -0.000613604724902284482183 0.843499319155649018853182
2460384.80000000 0.772042570186161070111552 0.000760082067196906274384 -0.000892606695413729962947 0.635569740743140987326854
2460384.90000000 0.930972328503150481360251 0.000446382196471002061326 -0.001083761066232029335321 0.365087865815762746546369
2460385.00000000 0.998276490629998680681467 0.000088737409618180291084 -0.001168250999905149582064 0.058674317809238464571653
2460385.10000000 0.967331031569410360049233 -0.000277652291644572130330 -0.001137757575710550937698 -0.253513912398104723777692
2460385.20000000 0.841181580125122119184766 -0.000616725261571786950547 -0.000995278830096417432838 -0.540751494059623416532645
2460385.30000000 -0.632243671544463925471291 0.000895107518131561547686 0.000754834962891174363411 0.774768719553202145355897
2460385.40000000 -0.361080815675609179127292 0.001085397611589730129319 0.000440088689935144597529 0.932533791765535857720693
2460385.50000000 -0.054380657589935002538262 0.001168863722169392231967 0.000082016524647525682209 0.998519589748056435318802
2460385.60000000 0.257671603895873457812371 0.001137287542458446714874 -0.000284139855612338017299 0.966231840909284711571559
2460385.70000000 0.544364019961792622304131 0.000993773424455656698845 -0.000622342103564953934118 0.838848281201810430651733
2460385.80000000 0.777480537779753011484729 0.000752443138621957546310 -0.000899302191844058153129 0.628905905885787874787241
2460385.90000000 0.934078007200937032727950 0.000437046252796839088291 -0.001087758802033636854056 0.357067083661446904585546
2460386.00000000 0.998744221869153681048203 0.000078622893620975618486 -0.001169160617605051770071 0.050085987706361023708013
2460386.10000000 0.965114781590830528301694 -0.000287551117246200905759 -0.001135492436169230389201 -0.261824533468110354217373
2460386.20000000 0.836499470582521276185162 -0.000625436086402419554736 -0.000990064330569403799540 -0.547966481015936923704146
2460386.30000000 -0.625556512139272657968547 0.000901775541735795604925 0.000747186173059999759853 0.780177978818470396760176
2460386.40000000 -0.353046751592035412681270 0.001089369490739085623646 0.000430759521140581657251 0.935604948100566269353351
2460386.50000000 -0.045790395375378580011816 0.001169751659105426611074 0.000071925446367199766988 0.998950382250692880958809
2460386.60000000 0.265972617097887886750129 0.001135007222315897188261 -0.000294000234051243437491 0.963979871302401813970562
2460386.70000000 0.551558804670025382144161 0.000988552085551461495044 -0.000631002684539284821978 0.834135186639948233988662
2460386.80000000 0.782860988709515703831698 0.000744796998893058588911 -0.000905912666065591390060 0.622195545593076326795767
2460386.90000000 0.937114584409305617640484 0.000427729530280883288133 -0.001091671180447074387607 0.349019886236389964562221
2460387.00000000 0.999138067707591281951807 0.000068553452018743065983 -0.001169992809258227177416 0.041493952263477018593818
2460387.10000000 0.962827134043224397430549 -0.000297382170313186845745 -0.001133165629710918389031 -0.270115785264833818679620
2460387.20000000 0.831755478197085396097066 -0.000634061945895810570757 -0.000984810517610113433581 -0.555140930397255094597142
2460387.30000000 -0.618823075079723228242301 0.000908348795870145731164 0.000739525090964705052350 0.785529521885344861331646
2460387.40000000 -0.344986569665563291842147 0.001093245401809060917547 0.000421447301871224826956 0.938606889995304394247455
2460387.50000000 -0.037196745606170956988112 0.001170551447698259250885 0.000061880040639950047577 0.999307274113488630540303
2460387.60000000 0.274253954151287615559340 0.001132655139690964297972 -0.000303789505496054792338 0.961656588100076259451043
2460387.70000000 0.558712786057487087454376 0.000983282641809598992669 -0.000639572543004525493997 0.829360384150090279575807
2460387.80000000 0.788183524965832216224726 0.000737131653153294281317 -0.000912420659817679818165 0.615439156291946565247031
2460387.90000000 0.940081835511017760431685 0.000418425154654755086618 -0.001095478515962746909884 0.340946868865303509554820
2460388.00000000 0.999457999033022126411652 0.000058527658069754115769 -0.001170727083373779113529 0.032898847110045065234019
2460388.10000000 0.960468258189946300085182 -0.000307141479533993763933 -0.001130757299616897077268 -0.278387054406693923436222
2460388.20000000 0.826949953943926563404432 -0.000642593886289268977248 -0.000979499533777528248735 -0.562274311457843234407505
2460388.30000000 -0.612043858521961969820779 0.000914814092014726906038 0.000731837056811399924369 0.790822952862835104603789
2460388.40000000 -0.336900866171119139913515 0.001097008945781233289068 0.000412141523839063038739 0.941539395396441158858636
2460388.50000000 -0.028600344037907652477992 0.001171244705387757423926 0.000051874598766964766770 0.999590238955659571296053
2460388.60000000 0.282515002429689576768368 0.001130212271144161824063 -0.000313508277195567871490 0.959262163193440042796567
2460388.70000000 0.565825434879872579685411 0.000977946792839294587463 -0.000648047245113934585782 0.824524226992349729137288
2460388.80000000 0.793447752799992356287362 0.000729430814044246711610 -0.000918817111847388713619 0.608637237837034050791374
2460388.90000000 0.942979541009355215486210 0.000409119978476873741476 -0.001099167853191433804824 0.332848628791331979659418
2460389.00000000 0.999703992195851931512607 0.000048536391237375806800 -0.001171347587561679531865 0.024301308120692591968615
2460389.10000000 0.958038328552674567362146 -0.000316833550675981953388 -0.001128249883869025934832 -0.286637729010541908447607
2460389.20000000 0.822083253351935328012701 -0.000651031547013301891205 -0.000974113398933175531763 -0.569366096478176264561455
2460389.30000000 -0.605219363988391712005921 0.000921166301459650166752 0.000724104975643636672271 0.796057880167999498688403
2460389.40000000 -0.328790239302203357585341 0.001100650662207806494350 0.000402827200629338904626 0.944402247370037417617539
2460389.50000000 -0.020001826625551086952237 0.001171818379949083731989 0.000041897301120392992958 0.999799255859692759251800
2460389.60000000 0.290755150768928660731660 0.001127662960782919781763 -0.000323164381141972337653 0.956796773741419359637916
2460389.70000000 0.572896224953299504356607 0.000972527443596565778668 -0.000656430107166437672335 0.819627072956737090514423
2460389.80000000 0.798653282782145645946059 0.000721677205238447977073 -0.000925100621914371010895 0.601790293434190881605161
2460389.90000000 0.945807486543775444154392 0.000399797806622838639533 -0.001102733213748165706780 0.324725765128872745357569
2460390.00000000 0.999876029010604794322603 0.000038565716056854497558 -0.001171844231782229054165 0.015701971322713847295516
2460390.10000000 0.955537524911863611620788 -0.000326469047626031666238 -0.001125629941888261348337 -0.294867198684636233618761
2460390.20000000 0.817155736471977145463086 -0.000659381546636964325711 -0.000968636324180417577524 -0.576415760809911414952467
2460390.30000000 -0.598350096372943784928111 0.000927407517302694271374 0.000716311883300537713577 0.801233916520345368361689
2460390.40000000 -0.320655289092703965625475 0.001104167968109736556320 0.000393487453965607979472 0.947195234129273977430330
2460390.50000000 -0.011401829497360297521746 0.001172265404695092784124 0.000031932614672063782128 0.999934309371318441606036
2460390.60000000 0.298973789576121862232583 0.001124996183153556192358 -0.000332770838940501189306 0.954260602138257141291433
2460390.70000000 0.579924633185055049544587 0.000967010433027660088606 -0.000664730652821472539279 0.814669284340976407321477
2460390.80000000 0.803799729804734908178432 0.000713854594687305461960 -0.000931276484523171563246 0.594898829634943893118759
2460390.90000000 0.948565462904947698241642 0.000390441566046821554765 -0.001106175245726615961536 0.316578878820502507274171
2460391.00000000 0.999974096754977725964864 0.000028599023422921007460 -0.001172212951101289039185 0.007101472918570920882242
2460391.10000000 0.952966032286825415198450 -0.000336062834482221315345 -0.001122888990734681848374 -0.303074854597357778995814
2460391.20000000 0.812167767841084686786246 -0.000667655846710260895104 -0.000963056048432689611183 -0.583422782926946048576156
2460391.30000000 -0.591436563865381903504215 0.000933545857211412347457 0.000708442680858237618970 0.806350678999948056180358
2460391.40000000 -0.312496617369059981328405 0.001107564490141581085847 0.000384105518123820577001 0.949918149050939408795102
2460391.50000000 -0.002800988881790567996272 0.001172584618312674450968 0.000021963418520898496036 0.999995389501301068513328
2460391.60000000 0.307170310814804670140887 0.001122206070764636930137 -0.000342343778208536726575 0.951653836018026888510235
2460391.70000000 0.586910139608679992662132 0.000961385645704834475127 -0.000672962740201240509734 0.809651227926433625370350
2460391.80000000 0.808886713126756862202171 0.000705949419941113336455 -0.000937355189085524215416 0.587963356279222471023616
2460391.90000000 0.951253266057810575873077 0.000381035327608858281553 -0.001109500239204335185136 0.308408572570970707094062
2460392.00000000 0.999998188172735447132311 0.000018619289706852487317 -0.001172455343933420136848 -0.001499550828890222186479
2460392.10000000 0.950324040911412759591315 -0.000345631669962371385584 -0.001120023824644345586746 -0.311260089556629149232236
2460392.20000000 0.807119716476817794514886 -0.000675869606847211536541 -0.000957364838299445421697 -0.590386644434552243509984
2460392.30000000 -0.584479277943343866752457 0.000939593683168547626205 0.000700485748872128085978 0.811407789054139461093484
2460392.40000000 -0.304314827710771396152012 0.001110848828057407582104 0.000374666839121402903568 0.952570790689396762473962
2460392.50000000 0.005800058917691896728797 0.001172780205330561801094 0.000011973404590332006767 0.999982491726446265367656
2460392.60000000 0.315344108116725974078065 0.001119292101885963454724 -0.000351899951480511865003 0.948976668220719021817899
2460392.70000000 0.593852227423522172067294 0.000955647943561977472951 -0.000681142236334427537622 0.804573274951292272128001
2460392.80000000 0.813913856415391157028694 0.000697952384046876712909 -0.000943350475734999597589 0.580984386439818312197758
2460392.90000000 0.953870697149273194526131 0.000371566416868902935772 -0.001112718753360481590414 0.300215450826489593794122
2460393.00000000 0.999948301474277823075454 0.000008611498867638633055 -0.001172578002867087718780 -0.010100463604677764953288
2460393.10000000 0.947611746235863194876003 -0.000355191709431978963878 -0.001117036609105176306680 -0.319422298006096949674060
2460393.20000000 0.802011955829512235283119 -0.000684038851981742627995 -0.000951560325578055241948 -0.597306830138227606852297
2460393.30000000 -0.577478753287676171979115 0.000945565653453717992749 0.000692434432419160826588 0.816404872560755223709350
2460393.40000000 -0.296110525412188296812133 0.001114033165643578448048 0.000365161047827067307761 0.955152962790386195202075
2460393.50000000 0.014400677604987891997079 0.001172860977247308211097 0.000001949335190347516104 0.999895616990843061344663
2460393.60000000 0.323494576767432540087555 0.001116259090545964694288 -0.000361454417161735479247 0.946229296797567731580614
2460393.70000000 0.600750383050841163523614 0.000949797830566093386623 -0.000689284854163739056816 0.799435801071102902781718
2460393.80000000 0.818880787744973859254571 0.000689859696523822257808 -0.000949277516672108415824 0.573962436425459743283284
2460393.90000000 0.956417562531768128408771 0.000362027083914502037423 -0.001115844283884706057697 0.292000119706032290611830
2460394.00000000 0.999824440337679143375738 -0.000001435435109495752119 -0.001172591752151076619284 -0.018700629123702187245337
2460394.10000000 0.944829348903198251719004 -0.000364756513950043102876 -0.001113934712067539932467 -0.327560876102310327695477
2460394.20000000 0.796844863756943744270700 -0.000692178585250292455026 -0.000945645899962153577145 -0.604182828079605327431523
2460394.30000000 -0.570435507793328189229953 0.000951477084558082159341 0.000684287917533032410619 0.821341559821160749343960
2460394.40000000 -0.287884317418879875916105 0.001117131989827425042269 0.000355583210502157399252 0.957664474312682090229032
2460394.50000000 0.023000230903334289295215 0.001172839515756624213794 -0.000008117458424010132794 0.999734771706788039047353
2460394.60000000 0.331621113800017741635173 0.001113116781129406748785 -0.000371018922418758702753 0.943411924981678917667693
2460394.70000000 0.607604096162716489359923 0.000943841491575484370542 -0.000697404538358653981571 0.794239186338654312713459
2460394.80000000 0.823787139656204980830978 0.000681673522209706186058 -0.000955151412037197984281 0.566898025700854568675879
2460394.90000000 0.958893673774206090065775 0.000352415308698128060608 -0.001118891957969216869456 0.283763186970519165619464
2460395.00000000 0.999626613909734840213162 -0.000011527573113041600912 -0.001172510612756626560693 -0.027299411147290113255348
2460395.10000000 0.941977054737796248851112 -0.000374335740905019193851 -0.001110729992912305296587 -0.335675221752741392844399
2460395.20000000 0.791618822497234919666198 -0.000700301346373967230352 -0.000939630359987398398360 -0.611014129575044195874511
2460395.30000000 -0.563350062509759719198144 0.000957342465191772279583 0.000676051266675627431264 0.826217485605231560796824
2460395.40000000 -0.279636812285038116598912 0.001120160653524654567267 0.000345934254509515295029 0.960105139442700816765353
2460395.50000000 0.031598082629166149293276 0.001172730881652522122449 -0.000018230274397952961145 0.999499967755752338760544
2460395.60000000 0.339723118019754577456837 0.001109878800942023114456 -0.000380600763345158765640 0.940524761181038893020911
2460395.70000000 0.614412859713201919831249 0.000937790080382046157582 -0.000705512052036363652291 0.788983815183174619356521
2460395.80000000 0.828632549165334131302529 0.000673401682240131480364 -0.000960985595735654521410 0.559791676876420174480131
2460395.90000000 0.961298847681104740026115 0.000342734967832470228781 -0.001121876877439632186340 0.275505261967205983264506
2460396.00000000 0.999354836807102575590989 -0.000021665299775027656938 -0.001172350219925907951687 -0.035896173549264637214762
2460396.10000000 0.939055074725180460859519 -0.000383934032423013764379 -0.001107437439634347334239 -0.343764734679792960392319
2460396.20000000 0.786334218658282235736579 -0.000708415709728786482761 -0.000933526908832120190344 -0.617800229233690822994163
2460396.30000000 -0.556222941580243546155771 0.000963173679039987435703 0.000667734889652720213678 0.831032289195733020470414
2460396.40000000 -0.271368620146270944637479 0.001123133475068461032895 0.000336220993032313201707 0.962474777605198172913958
2460396.50000000 0.040193596726672449481743 0.001172550766699905454293 -0.000028386433794677369921 0.999191222489837715947658
2460396.60000000 0.347799990045655926795831 0.001106561046040957334291 -0.000390201626687263077812 0.937568018966725036378307
2460396.70000000 0.621176170000213190292015 0.000931658506632097524469 -0.000713613355278143479156 0.783670076366137613455010
2460396.80000000 0.833416657812475980549038 0.000665056975165909634862 -0.000966789891098941613773 0.552643915642531791121428
2460396.90000000 0.963632906304641490002894 0.000332995772576612431622 -0.001124812030147452884127 0.267226955598062199115361
2460397.00000000 0.999009129116918748181320 -0.000031842747310534443017 -0.001172125788317147660617 -0.044490280375426419223750
2460397.10000000 0.936063625015168598864079 -0.000393549844228703962247 -0.001104073383497946410012 -0.351828816420073742232688
2460397.20000000 0.780991443160466092265892 -0.000716524621977358464574 -0.000927351790401883895563 -0.624540625036263730152086
2460397.30000000 -0.549054672249125741423370 0.000968978003233829008299 0.000659353731004229371392 0.835785614386366337846823
2460397.40000000 -0.263080352649213866644828 0.001126061581428502164984 0.000326455937982529013734 0.964773213486686986861685
2460397.50000000 0.048786137332565752966484 0.001172313376598519427466 -0.000038576829203224656702 0.998808558732350637576758
2460397.60000000 0.355851132380998580462261 0.001103179789722205086586 -0.000399816547364744779083 0.934541917050190074078841
2460397.70000000 0.627893526681863711758069 0.000925463928212516247565 -0.000721708071098374850418 0.778298362971692969658477
2460397.80000000 0.838139111666412639500834 0.000656656170475188906421 -0.000972568623975979653154 0.545455270766988409292253
2460397.90000000 0.965895676965306315686632 0.000323212831750405171511 -0.001127706211673820636474 0.258928880257739635339931
2460398.00000000 0.998589516399583709826970 -0.000042047645349865112496 -0.001171850009832903260001 -0.053081095844451947618481
2460398.10000000 0.933002926889412775857124 -0.000403174737543118551046 -0.001100653531543183865152 -0.359866870422001328133632
2460398.20000000 0.775590891233310708585691 -0.000724624203979031575144 -0.000921122594388612135792 -0.631234818342803039037392
2460398.30000000 -0.541845784790045303935813 0.000974756517570434552304 0.000650925956896185884185 0.840477109533566801857773
2460398.40000000 -0.254772622932415704344322 0.001128951040278165351277 0.000316656446346674747775 0.967000277043398748233471
2460398.50000000 0.057375068799412676234795 0.001172029410733372006143 -0.000048786273531788260462 0.998352004779313850768574
2460398.60000000 0.363875949413137056431822 0.001099749636563597532390 -0.000409433736800139734362 0.931446679286066725467208
2460398.70000000 0.634564432834123892668288 0.000919223802837018373439 -0.000729788804789275463714 0.772869072364282927445345
2460398.80000000 0.842799561370091820933226 0.000648218274425239795317 -0.000978319468701562217419 0.538226274031636697792180
2460398.90000000 0.968086992263850310003193 0.000313405239442274112256 -0.001130562456227804336503 0.250611649798748781226010
2460399.00000000 0.998096029686615704434871 -0.000052262315698098754907 -0.001171531149804406471068 -0.061667984456133695392310
2460399.10000000 0.929873206754779468852234 -0.000412793875980147037964 -0.001097190830200121163321 -0.367878302068333662422361
2460399.20000000 0.770132962380727370543809 -0.000732703690877506592927 -0.000914856010440250901582 -0.637882313940340006652718
2460399.30000000 -0.534596812482507011132782 0.000980503456559459482880 0.000642470741454684995952 0.845106427574288332493779
2460399.40000000 -0.246446045556667520104455 0.001131801628183854747933 0.000306842693100056339208 0.969155803522709136110791
2460399.50000000 0.065959755750503765159287 0.001171704292458849864036 -0.000058995182005105953219 0.997821594399322164825605
2460399.60000000 0.371873847513457533864312 0.001096281306581171422279 -0.000419035769826466789750 0.928282534636656775361985
2460399.70000000 0.641188394961307750463675 0.000912953363520668304855 -0.000737841708604542161759 0.767382606182940962824546
2460399.80000000 0.847397662166319620702382 0.000639761874104483973906 -0.000984033302251451557838 0.530957460195991548523864
2460399.90000000 0.970206690092909274092392 0.000303593493572997907663 -0.001133377144342518271988 0.242275879496561319381698
2460400.00000000 0.997528705482648048175065 -0.000062465961525061684855 -0.001171171435041690103013 -0.070250310983208677506617
2460400.10000000 0.926674696138915066079278 -0.000422387813578364650861 -0.001093693227496014179836 -0.375862518694142666575431
2460400.20000000 0.764618060359651074975318 -0.000740746540686691191946 -0.000908565122292040927218 -0.644482620072282075263104
2460400.30000000 -0.527308291568813425342910 0.000986206511739108875741 0.000634005303836098952318 0.849673226055929209366013
2460400.40000000 -0.238101236493906465163661 0.001134606267857486434220 0.000297034697753637531598 0.971239633467822827128657
2460400.50000000 0.074539563136254108344225 0.001171336760591929100628 -0.000069182297379453164222 0.997217366831881224520373
2460400.60000000 0.379844235027734955512102 0.001092779480028822783680 -0.000428601816054008627043 0.925049717177018004932165
2460400.70000000 0.647764923058469999084252 0.000906662888336788055053 -0.000745848012655602713057 0.761839370292456297129036
2460400.80000000 0.851933073906433580013697 0.000631302061313000610100 -0.000989694888211489548144 0.523649366986720710137604
2460400.90000000 0.972254613652943411317153 0.000293796338390896443881 -0.001136139769716650645831 0.233922185994262010755307
2460401.00000000 0.996887585762716188497734 -0.000072637631835023255432 -0.001170765916761292791196 -0.078827440544374252628934
2460401.10000000 0.923407631654758587202991 -0.000431935008634726658877 -0.001090161727454051722105 -0.383818929680258880132726
2460401.20000000 0.759046593141460279596799 -0.000748732280986712087946 -0.000902256821404978258047 -0.651035248486854456473338
2460401.30000000 -0.519980761234004718041035 0.000991847855559369571965 0.000625541904343473228328 0.854177167150461214006896
2460401.40000000 -0.229738813054702228910742 0.001137351147167947086614 0.000287249159872840172970 0.973251612737496940574999
2460401.50000000 0.083113856255347798307476 0.001170918080196789922906 -0.000079327747989449927586 0.996539366786869051928477
