2459761.50000000 0.758948692332902852264453 0.000712404139779817635429 -0.000814219489321373599867 0.651149531162036554476913
2459761.60000000 0.923349958104611068243628 0.000425368085596725912113 -0.000994460040265009170835 0.383957920844233246970845
2459761.70000000 0.996875815635026696348575 0.000096457894470286916150 -0.001076837776458111758590 0.078977460822244271998471
2459761.80000000 0.972289905685647548594375 -0.000241958129393994586390 -0.001053241727529239659886 -0.233775900040092105003353
2459761.90000000 0.852011954794854808881155 -0.000556574983104178577786 -0.000925990133807882433679 -0.523521214138197965581867
2459762.00000000 -0.647879628291104459059113 0.000816428675165271032499 0.000707602659102351031449 0.761741964176503971728494
2459762.10000000 -0.379983476186648294614656 0.000995943667604379983052 0.000419568607469822970994 0.924992643150798543594249
2459762.20000000 -0.074689636229054709448683 0.001077450100079465743902 0.000090232339656451523513 0.997206242057795066990877
2459762.30000000 0.237955100096370830708992 0.001052923052107043169409 -0.000247996027351647587312 0.971275553171588534873138
2459762.40000000 0.527180475940707493620607 0.000924772643269218736807 -0.000561830155747163138141 0.849752655146710056399684
2459762.50000000 0.764521145927499423677887 0.000705607185424620016699 -0.000820383344130456711001 0.644597740081966685821158
2459762.60000000 0.926618219875599669066446 0.000416992662007849073866 -0.000998208343038590583535 0.376002000382172296699679
2459762.70000000 0.997518225718025286496982 0.000087330590922631037257 -0.001077801930764345130637 0.070400426677544508669015
2459762.80000000 0.970243238574867161716497 -0.000250936901869546001142 -0.001051327752270857490008 -0.242129902614306724561999
2459762.90000000 0.847477641914569645997801 -0.000564519762649013474506 -0.000921387839006043642305 -0.530829990501973658645340
2459763.00000000 -0.641303933302368678326388 0.000822556221968657975616 0.000700766853956426316076 0.767286190060397554901783
2459763.10000000 -0.372013574036734573358132 0.000999650140982858564920 0.000411174198985102907957 0.928226660017577032135705
2459763.20000000 -0.066109918689428087690274 0.001078370538318996303337 0.000081107751740476489327 0.997811760398244484981944
2459763.30000000 0.246300223681909041806293 0.001050967298552741647014 -0.000256950549985726650355 0.969192978337144461775665
2459763.40000000 0.534469684787435950212853 0.000920134183267585972071 -0.000569731306811475175962 0.845186952574432992513209
2459763.50000000 0.770037041592794291311463 0.000698744027950284831048 -0.000826451831703074648455 0.637998262778658453697744
2459763.60000000 0.929817932056215878944272 0.000408582153474697793230 -0.001001845702839276701368 0.368018263938235723475856
2459763.70000000 0.998086841148015047053832 0.000078202616434694096010 -0.001078649509502389814905 0.061818184431570215309204
2459763.80000000 0.968124794564412582964508 -0.000259881746086316372298 -0.001049302050874169247446 -0.250465992853177998878067
2459763.90000000 0.842880634114948623647479 -0.000572398961831135574818 -0.000916688734728263285474 -0.538099497002818782931399
2459764.00000000 -0.634680795761493943274445 0.000828592351171403979082 0.000693857892439465624018 0.772773653463235565830303
2459764.10000000 -0.364016150968480112215531 0.001003247515819091512795 0.000402736898473408141529 0.931392008303220331200123
2459764.20000000 -0.057525310460415313151827 0.001079173955215849889031 0.000071974421910100537698 0.998343462371213186123953
2459764.30000000 0.254627126406799852986751 0.001048897075920953792308 -0.000265878855651088764813 0.967038704303402552042712
2459764.40000000 0.541719354500921013162440 0.000915394049309612854899 -0.000577573621254261096274 0.840558724552342928504345
2459764.50000000 0.775495971259169691869317 0.000691801075730127381855 -0.000832434134936643082593 0.631351587489018206689195
2459764.60000000 0.932948857931445552083005 0.000400120835197763174106 -0.001005377253823689070317 0.360007302153592223525891
2459764.70000000 0.998581619860126612486795 0.000069057306758847937229 -0.001079381126528538431542 0.053231368990941704821829
2459764.80000000 0.965934730379579775672028 -0.000268808976383946341988 -0.001047160595057051047513 -0.258783554041943808510240
2459764.90000000 0.838221271492488373411334 -0.000580227262383520292488 -0.000911884394400244951799 -0.545329195825968837674225
2459765.00000000 -0.628010705664786228474838 0.000834548939097398754898 0.000686863545273891590651 0.778203948407089174388318
2459765.10000000 -0.355991798645036494619376 0.001006743895751976113073 0.000394241578288446244821 0.934488453827751142100055
2459765.20000000 -0.048936446624185940545981 0.001079863999803033249025 0.000062815468556877827769 0.998801308639215568163650
2459765.30000000 0.262935192238598736125255 0.001046711239388049613161 -0.000274798284108132453811 0.964812890442267589996561
2459765.40000000 0.548928948745935008091124 0.000910546336143943225820 -0.000585373551379030033701 0.835868313474892987713361
2459765.50000000 0.780897531074407291740158 0.000684768069463616377984 -0.000838344529110528159307 0.624658205927424381442847
2459765.60000000 0.936010765864937699376469 0.000391594843820034670991 -0.001008813962494039661449 0.351969707691449973374631
2459765.70000000 0.999002525244137129512012 0.000059878231485549910902 -0.001080003555188121773870 0.044640615614122698684429
2459765.80000000 0.963673208035431549944860 -0.000277736345168257906663 -0.001044905398222285711554 -0.267081970843331351073147
2459765.90000000 0.833499898737604327791928 -0.000588022380902488480542 -0.000906971867991699580262 -0.552518552118944628048780
2459766.00000000 -0.621294156450453494144881 0.000840442300007518123921 0.000679776076546063641286 0.783576673160438774701220
2459766.10000000 -0.347941110701765865531598 0.001010152922325388427996 0.000385676263855241148373 0.937515767509069619656259
2459766.20000000 -0.040343962594066973270657 0.001080450564479691665312 0.000053615555789926262764 0.999185265320606585959240
2459766.30000000 0.271223806538477607563919 0.001044415133146967770289 -0.000283726389742008781088 0.962515701411031376899530
2459766.40000000 0.556097934141162153487414 0.000905591380960955568205 -0.000593149546652720874480 0.831116066335680914178852
2459766.50000000 0.786241321415730221033868 0.000677640258492991304565 -0.000844200953827787831801 0.617918613270643790613690
2459766.60000000 0.939003429329446692719330 0.000382994647516646691699 -0.001012171877962068575196 0.343906075157644375295263
2459766.70000000 0.999349526148181510620816 0.000050651752483065414466 -0.001080529702744622254362 0.036046559849999978974999
2459766.80000000 0.961340394825631272546218 -0.000286680601259326384329 -0.001042545200072484594747 -0.275360629338805784627198
2459766.90000000 0.828716865125089130472702 -0.000595802932426206760357 -0.000901955007977474441244 -0.559667034005728591949946
2459767.00000000 -0.614531645011065719153009 0.000846291513572914656273 0.000672594096192941624281 0.788891430228071732777551
2459767.10000000 -0.339864682718166055686027 0.001013492685988296284141 0.000377034362987282371370 0.940473725373629609869397
2459767.20000000 -0.031748494043592215274607 0.001080949354480909355147 0.000044363327250800726142 0.999495303993973349676594
2459767.30000000 0.279492356122036877952297 0.001042020846399748521330 -0.000292678486346687903499 0.960147307136168470798054
2459767.40000000 0.563225780321695790320291 0.000900536687265377270260 -0.000600919760009946141849 0.826302334687265771506759
2459767.50000000 0.791526946937960773631460 0.000670419929191213236595 -0.000850023053383552776134 0.611133308099341410191130
2459767.60000000 0.941926626911697595367912 0.000374317074172415321671 -0.001015470659236820168830 0.335817001089029787408435
2459767.70000000 0.999622596882107417037844 0.000041369410103289235253 -0.001080977748998458850757 0.027449837485906080497555
2459767.80000000 0.958936463313482034820368 -0.000295654918057104687795 -0.001040095303851132618050 -0.283618917065456832560244
2459767.90000000 0.823872524485404933436428 -0.000603585868142350883032 -0.000896845047358256811619 -0.566774112632710269643610
2459768.00000000 -0.607723671612434235278499 0.000852116079327786078018 0.000665323868787049896301 0.794147826417531454978871
2459768.10000000 -0.331763112179490338160548 0.001016783803051752969882 0.000368316638501134873632 0.943362108572387558780292
2459768.20000000 -0.023150676845095145145459 0.001081380575977482780617 0.000035053916877232948514 0.999731401701747013355259
2459768.30000000 0.287740229275737502412369 0.001039546666506133837382 -0.000301664779129392774792 0.957707882810336585954758
2459768.40000000 0.570311959966235848540350 0.000895397244838264496150 -0.000608699050170740914648 0.821427474624630060695551
2459768.50000000 0.796754016603404391361209 0.000663117626063256535365 -0.000855829308415337439327 0.604302792362409135762391
2459768.60000000 0.944780142331108518938265 0.000365567389674095744034 -0.001018731106261723095424 0.327703083909564263365155
2459768.70000000 0.999821717221650141382838 0.000032030732166084552326 -0.001081369333239497187993 0.018851084478116317960650
2459768.80000000 0.956461591311530523462636 -0.000304665558839792120771 -0.001037576635893214943573 -0.291856223094622224678574
2459768.90000000 0.818967235175827812376781 -0.000611382885520819372924 -0.000891660683649432377583 -0.573839262215592893490168
2459769.00000000 -0.600870739880431048440812 0.000857932386523097435110 0.000657980488394072863395 0.799345472851819005555285
2459769.10000000 -0.323636998421597765762669 0.001020046276508010862569 0.000359533441761690313303 0.946180703403725842370875
2459769.20000000 -0.014551147056237757893005 0.001081766503467341883002 0.000025692107148750552645 0.999893540953310067109783
2459769.30000000 0.295966815839386609976458 0.001037015620838160900874 -0.000310686510595951600501 0.955197608871593106805165
2459769.40000000 0.577355948839883281742402 0.000890195237499779266910 -0.000616494737077342720016 0.816491846759878070471927
2459769.50000000 0.801922143703977297057861 0.000655753118637602367899 -0.000861632756653449077486 0.597427571353648434460126
2459769.60000000 0.947563764474623537736875 0.000356761506797663116054 -0.001021971219378744978254 0.319564923842320491864655
2459769.70000000 0.999946872412073139990696 0.000022646556787657537478 -0.001081726308482866072760 0.010250936947110555336193
2459769.80000000 0.953915961884354790534246 -0.000313707669086235564019 -0.001035013500295155555730 -0.300071938035561869284606
2459769.90000000 0.814001360052515776644100 -0.000619195645363669416004 -0.000886427061207017931085 -0.580861960086860529273167
2459770.00000000 -0.593973356760151283140203 0.000863748718280529250400 0.000650588217761931871669 0.804483985006330004630115
2459770.10000000 -0.315486942559305427735694 0.001023294670994161605429 0.000350706430076114640624 0.948929301342946729391770
2459770.20000000 -0.005950540832623966991388 0.001082127198433323811075 0.000016295338775203930187 0.999981709732053580808042
2459770.30000000 0.304171507237840144100005 0.001034452072085054663217 -0.000319731841783763915451 0.952616670998748915621945
2459770.40000000 0.584357225848879169305405 0.000884957784394785579134 -0.000624301637458591620819 0.811495816190607954787595
2459770.50000000 0.807030945904980701044451 0.000648354477982836978692 -0.000867435503996446199103 0.590508153663687473944321
2459770.60000000 0.950277287401725456739143 0.000347926497214295969793 -0.001025200540836749066309 0.311403122911505736425397
2459770.70000000 0.999998053176332279967653 0.000013240988916876320774 -0.001082065278457441026214 0.001650031092977709019226
2459770.80000000 0.951299763325865299634643 -0.000322761953409310235752 -0.001032428665012318164465 -0.308265454132543137433231
2459770.90000000 0.808975266452045094212053 -0.000627011239783119051112 -0.000881171730721310971293 -0.587841686733426072031250
2459771.00000000 -0.587032032474727127890901 0.000869559737886338619817 0.000643177601376444287029 0.809562982748406656519080
2459771.10000000 -0.307313547502530204358351 0.001026531903010564775527 0.000341867057816137766973 0.951607699044198840354625
2459771.20000000 0.002650505595751742691363 0.001082473936049291925870 0.000006893738749569604685 0.999995901502798378857051
2459771.30000000 0.312353696521621870818564 0.001031875148646026066693 -0.000328774202207584816723 0.949965260106966247199978
2459771.40000000 0.591315273072708702528644 0.000879710762612796823984 -0.000632098789351433058316 0.806439752486513894425002
2459771.50000000 0.812080045288479657195069 0.000640952685851542739402 -0.000873223908702003303629 0.583545051134353509603159
2459771.60000000 0.952920510377150309366812 0.000339096368768077916812 -0.001028413977154243744497 0.303218284871664411905812
2459771.70000000 0.999975255723287159703716 0.000003848692889638729790 -0.001082390331747505032509 -0.006950996846310242456568
2459771.80000000 0.948613189162849756996820 -0.000331795579787016537213 -0.001029835372939028178760 -0.316436165279350256618329
2459771.90000000 0.803889326176591256789550 -0.000634801090475367374086 -0.000875916383261564866769 -0.594777925831881604246121
2459772.00000000 -0.580047280495855632764801 0.000875343288463793973465 0.000635777430485190485181 0.814582090369059153012188
2459772.10000000 -0.299117417865983892255599 0.001029743980573913581314 0.000333049314751326973674 0.954215698379718646471304
2459772.20000000 0.011251355987473923153663 0.001082802068220497506909 -0.000002475826550855798932 0.999936115220191323871290
2459772.30000000 0.320512778436084388999916 0.001029290062734611104975 -0.000337776422640002069783 0.947243572333879901847808
2459772.40000000 0.598229575796803914045086 0.000874469051018049925092 -0.000639851356433988969347 0.801324029675609339484765
2459772.50000000 0.817069068354946081988999 0.000633571391087326676525 -0.000878967969125564441667 0.576538778868917578535047
2459772.60000000 0.955493237878785817152050 0.000330302001725635838766 -0.001031588542629629113440 0.295011015206553151024593
2459772.70000000 0.999878481754321479790804 -0.000005494290075371876852 -0.001082687197225758657035 -0.015551510620255682912361
2459772.80000000 0.945856438150138978393500 -0.000340769798540121440691 -0.001027229158214227689241 -0.324583467055464813810772
2459772.90000000 0.798743915464576459406487 -0.000642526396415301877599 -0.000870666761786410186089 -0.601670164298508503009089
2459773.00000000 -0.573019617530615033018648 0.000881063188154062931420 0.000628403345527653181893 0.819540936598926461620351
2459773.10000000 -0.290899159950537167240725 0.001032899834919769705907 0.000324277737239557365193 0.956753106449920953657795
2459773.20000000 0.019851374089003549078258 0.001083087781684889065043 -0.000011781542302772217187 0.999802355332534697929248
2459773.30000000 0.328648149413366563731387 0.001026681900290462180064 -0.000346701526171110411753 0.944451809045389278907123
2459773.40000000 0.605099622565313355337935 0.000869227669999251694073 -0.000647519664648888381396 0.796149026208228249856802
2459773.50000000 0.821997646068635123839385 0.000626215909930097694436 -0.000884627955566348622186 0.569489855172262471327826
2459773.60000000 0.957995279627281037804210 0.000321558677703381368997 -0.001034687089210142808479 0.286781921037770781701681
2459773.70000000 0.999707738463147643770412 -0.000014763705877872350579 -0.001082923764347091437690 -0.024150873994654348253519
2459773.80000000 0.943029714252659689854852 -0.000349652965432220000277 -0.001024585060742577149670 -0.332706756776014633825156
2459773.90000000 0.793539414984291813226491 -0.000650150184118290981085 -0.000865406690976472533182 -0.608517892293919948620839
2459774.00000000 -0.565949563489296259000128 0.000886679533830161199955 0.000621049009926243783010 0.824439154627736425773321
2459774.10000000 -0.282659381733473158426762 0.001035959212370422821703 0.000315556238767025667557 0.959219735582230614845400
2459774.20000000 0.028449923696053029675834 0.001083293062956218509932 -0.000021009496265560795612 0.999594631776342890105980
2459774.30000000 0.336759207646593394791523 0.001024017324717223058339 -0.000355526493401741173605 0.941590176804260714504835
2459774.40000000 0.611924905172806732345236 0.000863960089147255104469 -0.000655073057045701435952 0.790915124953968540211235
2459774.50000000 0.826865413861824771757369 0.000618868208025012862816 -0.000890167523883698117750 0.562398801530130332260171
2459774.60000000 0.960426450563901301649139 0.000312858005799842491066 -0.001037669890779496784106 0.278531611164543779768366
2459774.70000000 0.999463038524982416710429 -0.000023957765707780328033 -0.001083059438931654842875 -0.032748450808243838305867
2459774.80000000 0.940133226632176577375333 -0.000358433217259156373154 -0.001021864183269721162647 -0.340805433496885523680930
2459774.90000000 0.788276209794322668678035 -0.000657651254294462205702 -0.000860101427068798345468 -0.615320603256628961830188
2459775.00000000 -0.558837641421069064584515 0.000892163114272371475348 0.000613686029485803127836 0.829276382133765754822718
2459775.10000000 -0.274398692808236754903106 0.001038886717408472838350 0.000306864574539873638612 0.961615403336114060728335
2459775.20000000 0.037046368708180670015206 0.001083378550659956076826 -0.000030170492079942813716 0.999312959960916180612855
2459775.30000000 0.344845353089077155672726 0.001021255481478560789635 -0.000364251984122730904439 0.938658887354831272809008
2459775.40000000 0.618704918698168016000238 0.000858626535321871495361 -0.000662501981868679370828 0.785622713157994589927569
2459775.50000000 0.831672011646000131079859 0.000611492110493521280438 -0.000895567485532190407128 0.555266142566312015382834
2459775.60000000 0.962786570864319624085681 0.000304169711222018095478 -0.001040509307615779645631 0.270260695966168917880879
2459775.70000000 0.999144400079607253317704 -0.000033098903468686589966 -0.001083059857221686794748 -0.041343605007580115640042
2459775.80000000 0.937167189604925732204777 -0.000367123692814887397744 -0.001019027602946239417780 -0.348878898087214783796384
2459775.90000000 0.782954689305038087354660 -0.000665032580250838343053 -0.000854709958328991620952 -0.622077793927126032613728
2459776.00000000 -0.551684377504004563874673 0.000897506513098825643542 0.000606273924969326014067 0.834052261271143291487817
2459776.10000000 -0.266117704315508574186566 0.001041664988352673662866 0.000298165403733761621204 0.963939932506644558962705
2459776.20000000 0.045640073123565383372835 0.001083318030741024524249 -0.000039296310731235207733 0.998957360753086720528415
2459776.30000000 0.352905987510954644026384 0.001018362982968854836552 -0.000372902143540851502192 0.935658157587133110233424
2459776.40000000 0.625439161555523925883904 0.000853188609328215546469 -0.000669821359690373754545 0.780272182382979018200331
2459776.50000000 0.836417083831483831879439 0.000604046714266859210291 -0.000900832547211491245498 0.548092405988835129626580
2459776.60000000 0.965075465941100718580969 0.000295453076411450400902 -0.001043199517462072619528 0.261969787342818505315734
2459776.70000000 0.998751846717572555611753 -0.000042224960349949839690 -0.001082909056950595886801 -0.049935700685163217360518
2459776.80000000 0.934131822623548768724788 -0.000375756849093181058766 -0.001016050292089836588547 -0.356926553243386068814402
2459776.90000000 0.777575247224337906537528 -0.000672319085226371205948 -0.000849199884725204147927 -0.628788964399058292187306
2459777.00000000 -0.544490300971961160847457 0.000902725481608730381811 0.000598775122996015240692 0.838766438707479022873770
2459777.10000000 -0.257817028917763979567468 0.001044299596643522617251 0.000289418533436508343751 0.966193151121922610968795
2459777.20000000 0.054230401151180829266707 0.001083106591627255995899 -0.000048427035167108736194 0.998527860465379113463769
2459777.30000000 0.360940514561100156409879 0.001015324859707589146701 -0.000381514233732685556673 0.932588209506365339862555
2459777.40000000 0.632127135528393724328566 0.000847622406651948900359 -0.000677063134002432840015 0.774863928473805474439473
2459777.50000000 0.841100279354480284688123 0.000596500917506836373511 -0.000905987228916748862928 0.540878122540671690821057
2459777.60000000 0.967292966446589241868992 0.000286672025210263966416 -0.001045756055039630738265 0.253659498690686990851617
2459777.70000000 0.998285407473571528846890 -0.000051374444512793652389 -0.001082612677586384727912 -0.058524102175380267321092
2459777.80000000 0.931027350245157925279216 -0.000384370953829822560501 -0.001012927795068253693234 -0.364947803571047724169318
2459777.90000000 0.772138281534384907089930 -0.000679546191158932164252 -0.000843557169226191532439 -0.635453618147557408590842
2459778.00000000 -0.537255944044313094032361 0.000907850246526298375153 0.000591167181084779305884 0.843418565670604913897535
2459778.10000000 -0.249497280719650604829951 0.001046813645749193220566 0.000280594853052254218726 0.968374892467194214873416
2459778.20000000 0.062816717263935506476713 0.001082758836028606874366 -0.000057596286818693838265 0.998024490855712986814297
2459778.30000000 0.368948339826840776556338 0.001012146469872702604642 -0.000390123978756755200332 0.929449270214045331073294
2459778.40000000 0.638768345803239268043683 0.000841923963130343771394 -0.000684262654622549027633 0.769398351537009528300359
2459778.50000000 0.845721251732696188696536 0.000588842002481077854414 -0.000911064140880298587236 0.533623825924615213800450
2459778.60000000 0.969438908302233115499291 0.000277806234958231977692 -0.001048206700727148709198 0.245330444820478277279108
2459778.70000000 0.997745116830986877864973 -0.000060573661613754177307 -0.001082191989711573255201 -0.067108174098997164236380
2459778.80000000 0.927854002117065479460223 -0.000392996335561091394723 -0.001009673700753100289082 -0.372942055643822767407869
2459778.90000000 0.766644194451212013241559 -0.000686746102789603882904 -0.000837787110527449816258 -0.642071262093399042214514
2459779.00000000 -0.529981841917952278819826 0.000912912710757093036340 0.000583447074756655468739 0.848008297964510604494137
2459779.10000000 -0.241159075218008278618242 0.001049236674253261778975 0.000271683528777908389271 0.970484995108161774268751
2459779.20000000 0.071398386239405892128573 0.001082300120094608969143 -0.000066821711674807141804 0.997447289135305226182027
2459779.30000000 0.376928870869484455852216 0.001008847516876219775270 -0.000398754447110439137585 0.926241571905639604622706
2459779.40000000 0.645362301052158304770501 0.000836106280543959896542 -0.000691446739450378390288 0.763875855887436450153416
2459779.50000000 0.850279659078720939646701 0.000581075684134615944552 -0.000916092012262880567817 0.526330052802392311939172
2459779.60000000 0.971513132727543693434313 0.000268854023809986112173 -0.001050580211570633802284 0.236983241889125895163204
2459779.70000000 0.997131014730932130341046 -0.000069831341151455666376 -0.001081673963572127045857 -0.075687281404032413778538
2459779.80000000 0.924612012974665331555002 -0.000401648003850189373731 -0.001006311549587674382747 -0.380908718039477234285073
2459779.90000000 0.761093392388532796744016 -0.000693938984006024187252 -0.000831908435906590680922 -0.648641406663926445297363
2459780.00000000 -0.522668532701076271607121 0.000917936784541211023454 0.000575627664896019531834 0.852535296025025757238325
2459780.10000000 -0.232803029241710146557409 0.001051594736023946314099 0.000262690883169785832554 0.972523302917481902163388
2459780.20000000 0.079974773209954136410360 0.001081756938802736194710 -0.000076103785175646112312 0.996796297976575873533989
2459780.30000000 0.384881517294808628282254 0.001005453233429843716215 -0.000407412749936197243240 0.922965351854058368985534
2459780.40000000 0.651908513452835958190690 0.000830191724154254553393 -0.000698628562810828940277 0.758296850044191561579510
2459780.50000000 0.854775164148139698916395 0.000573220048393601995865 -0.000921089131575278494309 0.518997342737546607516208
2459780.60000000 0.973515486248914374556307 0.000259828066359045299887 -0.001052898720013087808384 0.228618507402255810578851
2459780.70000000 0.996443146576985738782639 -0.000079140998856557230904 -0.001081083059454046981299 -0.084260789430953900169818
2459780.80000000 0.921301622627863414649596 -0.000410326036185868620303 -0.001002866460810676336318 -0.388847201396980091114841
2459780.90000000 0.755486285962872816668323 -0.000701131406977340086023 -0.000825945208338894009369 -0.655163565799167679770676
2459781.00000000 -0.515316557404706276912520 0.000922935025702337663751 0.000567730310713721259344 0.856999224933910230816991
2459781.10000000 -0.224429760943861800193133 0.001053905450212343046512 0.000253634106181167785429 0.974489665083913769727531
2459781.20000000 0.088545243732277748027748 0.001081150690139974588494 -0.000085430663924076211927 0.996071565514661694251686
2459781.30000000 0.392805690784295280515437 0.001001987241196675235827 -0.000416093190061889216334 0.919620852403363331362129
2459781.40000000 0.658406498719477206726935 0.000824204420430959942313 -0.000705808931443051529135 0.752661746712407819792645
2459781.50000000 0.859207434369604339252646 0.000565297968923312438294 -0.000926062692320144421193 0.511626238155969526033573
2459781.60000000 0.975445820721946188491813 0.000250748318760827214585 -0.001055175217361590091561 0.220236860144404467121149
2459781.70000000 0.995681563237087674522741 -0.000088487040531888265407 -0.001080437046048504700149 -0.092828063942070090930336
2459781.80000000 0.917923075947986610856333 -0.000419020312102175900362 -0.000999359603984748077338 -0.396756918457806972977409
2459781.90000000 0.749823289956607297312985 -0.000708319416657690343470 -0.000819920370782919040280 -0.661637257001313927595731
2459782.00000000 -0.507926459878167202433019 0.000927909861935114084995 0.000559777976548347412644 0.861399754461928290893979
2459782.10000000 -0.216039889743007446076817 0.001056177353908088322604 0.000244534444367680483395 0.976383936129516682989049
2459782.20000000 0.097109163798826239610840 0.001080495280276679145523 -0.000094784409077066091270 0.995273145348455456904446
2459782.30000000 0.400700805144853289263551 0.000998467669621265398877 -0.000424782452977121212107 0.916208320950008592298275
2459782.40000000 0.664855776152346145124739 0.000818165264859282656031 -0.000712980097432067290962 0.746970962743010669093735
2459782.50000000 0.863576141847850919930352 0.000557331456903545374194 -0.000931011011377866565600 0.504217284343624450038135
2459782.60000000 0.977303993336484988496693 0.000241636196759668903230 -0.001057414106396401248106 0.211838920162354837906094
2459782.70000000 0.994846321040551151426712 -0.000097850282655824357943 -0.001079745961790498816335 -0.101388471167635468850321
2459782.80000000 0.914476622859436205636996 -0.000427715315991788189772 -0.000995805774854341494567 -0.404637284087431936541179
2459782.90000000 0.744104823289230110638925 -0.000715492291791160217075 -0.000813852246097807605421 -0.668062001368420643743207
2459783.00000000 -0.500498786813496576719729 0.000932856101916059278836 0.000551791032579532106199 0.865736559066270117135389
2459783.10000000 -0.207634036287977163937057 0.001058411081258615491982 0.000235412705166416553375 0.978205975917772696526242
2459783.20000000 0.105665899879082744727832 0.001079797010270176597924 -0.000104145389584859706452 0.994401096537281259379881
2459783.30000000 0.408566276316173593308179 0.000994905895180009901269 -0.000433463577323401467144 0.912728009939602347166954
2459783.40000000 0.671255868663547139441050 0.000812089738547744008357 -0.000720129030140440073472 0.741224919109275792727942
2459783.50000000 0.867880963402152594277084 0.000549338829232185864998 -0.000935925925632066107486 0.496771029381951723102873
2459783.60000000 0.979089866634177297122221 0.000232511388053468885401 -0.001059612638587986233399 0.203425308684583833196413
2459783.70000000 0.993937481774181175175897 -0.000107211213016247382756 -0.001079012594925263853612 -0.109941377841211954113909
2459783.80000000 0.910962518317283143076679 -0.000436393219907071374351 -0.000992212993076597212644 -0.412487715326105397473100
2459783.90000000 0.738331308981924450129952 -0.000722635245534919228548 -0.000807753381747333644089 -0.674437323632951279961389
2459784.00000000 -0.493034087684133925932883 0.000937763103206088301581 0.000543785511096650108105 0.870009317926363379136490
2459784.10000000 -0.199212822400638117636973 0.001060600902564779509513 0.000226287107008278767567 0.979955649665168015971517
2459784.20000000 0.114214818979106014218416 0.001079055440924746788953 -0.000113494652734000118729 0.993455483594276711478699
2459784.30000000 0.416401522448110961160950 0.000991306730894291445247 -0.000442118367741481984711 0.909180176832288022836792
2459784.40000000 0.677606302795932147198243 0.000805987458910739792105 -0.000727239706823410640528 0.735424040888800312210094
2459784.50000000 0.872121580579519606324368 0.000541333688509377944711 -0.000940794814061464619061 0.489288024122786102676486
2459784.60000000 0.980803308505499127356586 0.000223390356996625797509 -0.001061762542456764135332 0.194996648128520549958509
2459784.70000000 0.992955112675485529472041 -0.000116551842165324865677 -0.001078233617311553926843 -0.118486151254891730610908
2459784.80000000 0.907381022287060634567979 -0.000445035951254305506709 -0.000988583069185479520677 -0.420307631431294514978703
2459784.90000000 0.732503174150110236695355 -0.000729731553297033579825 -0.000801630511549113080987 -0.680762752168294404953031
2459785.00000000 -0.485532914697960560346246 0.000942616794689739431398 0.000535772464133801276827 0.874217714969157122517629
2459785.10000000 -0.190776871058470798292461 0.001062736475830848136698 0.000217172078369380470607 0.981632827943448083019007
2459785.20000000 0.122755288682135907385451 0.001078264720766795858875 -0.000122815591883147795125 0.992436376480495541230198
2459785.30000000 0.424205963923611040211625 0.000987669205252700516465 -0.000450729393259654848719 0.905565084090465766131217
2459785.40000000 0.683906608772256396910905 0.000799862325849774388753 -0.000734295268883412540276 0.729568757217370356116248
2459785.50000000 0.876297679686948050026274 0.000533324407094272197154 -0.000945602715331897046222 0.481768822128831097906243
2459785.60000000 0.982444192204767086096240 0.000214285199287835758037 -0.001063851900254005446514 0.186553562023756308585476
2459785.70000000 0.991899286426904169822194 -0.000125857381689809232897 -0.001077401033030536171842 -0.127022159296633269098820
2459785.80000000 0.903732399724738288959713 -0.000453627250300688174538 -0.000984912474287907022466 -0.428096453917896468954751
2459785.90000000 0.726620849949828118141681 -0.000736764792088935235870 -0.000795484750478789846319 -0.687037819045782982563253
2459786.00000000 -0.477995822774358758433522 0.000947401876775293919769 0.000527757455460085237592 0.878361438880126854655828
2459786.10000000 -0.182326806338032915144609 0.001064804787530985010283 0.000208077092186728093226 0.983237386689960524144283
2459786.20000000 0.131286677198946766242926 0.001077415072598168982801 -0.000132095654551583115838 0.991343850597362741261520
2459786.30000000 0.431979023396290517933238 0.000983987447786751441223 -0.000459282065482501296056 0.901882999160006249006472
2459786.40000000 0.690156320527111288853916 0.000793712724277423537812 -0.000741280260051715381847 0.723659501256982640171600
2459786.50000000 0.880408951796185279548013 0.000525313637891020729365 -0.000950334502442483938615 0.474213979661724849279381
2459786.60000000 0.984012396358634577886448 0.000205202525002658024179 -0.001065867047899085378812 0.178096674959245609981551
2459786.70000000 0.990770081149330850145418 -0.000135117861643207874678 -0.001076503628198109989086 -0.135548770492753128946717
2459786.80000000 0.900016920559052913120013 -0.000462154614715143852600 -0.000981193218380423115565 -0.435853606592800424390788
2459786.90000000 0.720684771544070956750261 -0.000743720914592963227435 -0.000789311844765583879580 -0.693262060068064012163802
2459787.00000000 -0.470423369497104171266244 0.000952103826674175336524 0.000519740192399655433035 0.882440183128001987000744
2459787.10000000 -0.173863253346102947238805 0.001066791911875543917565 0.000199005749681182458107 0.984769207219275077846987
2459787.20000000 0.139808353390876133337528 0.001076494167872051868282 -0.000141327689009218342934 0.990177986782461827530710
2459787.30000000 0.439720125829554386864828 0.000980251588794672215274 -0.000467766268412028165743 0.898134194450669109954788
2459787.40000000 0.696354975728926017808362 0.000787531912040612038645 -0.000748182381359877718419 0.717696710173249652342520
2459787.50000000 0.884455092776184836900200 0.000517298202519226777395 -0.000954976611611286097664 0.466624055620869560012665
2459787.60000000 0.985507804967940104212687 0.000196142899704639518503 -0.001067794147144417475290 0.169626612565770551466215
2459787.70000000 0.989567580393007739658628 -0.000144329055411399867666 -0.001075528285343789686515 -0.144065354068233092421636
2459787.80000000 0.896234859666133809597000 -0.000470610493373722351632 -0.000977413838743371090473 -0.443578515605462242454848
2459787.90000000 0.714695378084387100692254 -0.000750589610523244446863 -0.000783102797649298972005 -0.699435014786492725846756
2459788.00000000 -0.462816115076286616059065 0.000956710330146033280374 0.000511714779038285405913 0.886453645984143556724177
2459788.10000000 -0.165386838206020736485868 0.001068684424795980376227 0.000189955671738720779625 0.986228176224093644464119
2459788.20000000 0.148319686837481146124418 0.001075488445454631392800 -0.000150510389498752824699 0.988938871299588129204494
2459788.30000000 0.447428698564251270397563 0.000976448915204851126265 -0.000476177104508266181657 0.894318947302106481700434
2459788.40000000 0.702502115817978833867130 0.000781308953270221421238 -0.000754993493748834705072 0.711680825097685931801550
2459788.50000000 0.888435803315004157809653 0.000509269749325488179682 -0.000959518248212890586916 0.458999611499441073636518
2459788.60000000 0.986930307417918428747328 0.000187101181697764266162 -0.001069620530815761430543 0.161144001454241514448285
2459788.70000000 0.988291873132805864798911 -0.000153492498141436954162 -0.001074461391276539893452 -0.152571279971253498386474
2459788.80000000 0.892386496851378052674875 -0.000478992679826123208663 -0.000973560780782038574267 -0.451270609482059381623031
2459788.90000000 0.708653112678348628961089 -0.000757365072220753327362 -0.000776845123025160120764 -0.705556226533647801169025
2459789.00000000 -0.455174622282976726328485 0.000961212387860945643471 0.000503670737931814619694 0.890401530555538611722000
2459789.10000000 -0.156898188002794841677812 0.001070470787025076201543 0.000180919188827340787773 0.987614185783915021765722
2459789.20000000 0.156820047891705366405191 0.001074384674292653890290 -0.000159648021405322501675 0.987626595829096065592978
2459789.30000000 0.455104171333351736894457 0.000972565487007231847284 -0.000484515089063027926987 0.890437539974617164872939
2459789.40000000 0.708597286041494300867782 0.000775030243575043501295 -0.000761710295691786238442 0.705612291091563648137708
2459789.50000000 0.892350788932735117242601 0.000501216037334670802897 -0.000963952514006987488601 0.451341211356468874349446
2459789.60000000 0.988279798486023319803451 0.000178067426520574597542 -0.001071336196561218680190 0.152649469159954254138256
2459789.70000000 0.986943053755652721648062 -0.000162615070516166921721 -0.001073290569319268342521 -0.161065918948745306904513
2459789.80000000 0.888472116827907165692579 -0.000487304448341548601328 -0.000969620206946956563615 -0.458929319165738036634394
2459789.90000000 -0.702558422331132526039710 0.000764046691524528391246 0.000770524551995592867949 0.711625242480530162403340
2459790.00000000 -0.447499456446527388298051 0.000965605521675364820988 0.000495594438146096469971 0.894283544784180040032595
2459790.10000000 -0.148397930726313714844267 0.001072142951920467685012 0.000171884337667114209464 0.988927133372858202520206
2459790.20000000 0.165308807687097381045049 0.001073171808871317516043 -0.000168749966558193447569 0.986241257465145459981670
2459790.30000000 0.462745976303026940179564 0.000968588057206576217607 -0.000492786292574721659920 0.886490259627122356711482
2459790.40000000 0.714640035489637504007021 0.000768681302710464775876 -0.000768335055046310915448 0.699491557107724704067664
2459790.50000000 0.896199760005833345744009 0.000493122422855775052741 -0.000968277659212143882936 0.443649421766450280379956
2459790.60000000 0.989556178345622150516192 0.000169027921491566381377 -0.001072935456620782105480 0.144143644107955243294228
2459790.70000000 0.985521222057163193142060 -0.000171708514235314422267 -0.001072006565608872368997 -0.169548642556371642609037
2459790.80000000 0.884492009188218908377621 -0.000495554660435909024273 -0.000965579938340049913174 -0.466554078068883826269087
2459790.90000000 -0.696411757932947406146695 0.000770639739342234399502 0.000764126848587810868565 0.717641613646129328252243
2459791.00000000 -0.439791185382637728196187 0.000969890955596905478091 0.000487470622406400500622 0.898099401482503556515269
2459791.10000000 -0.139886695223463808357423 0.001073697932940252371473 0.000162835970982501334215 0.990166921865348825804176
2459791.20000000 0.173785338233222175219339 0.001071842799679603936217 -0.000177830116297291048431 0.984782958699158994519962
2459791.30000000 0.470353548133731258484858 0.000964505968875541803108 -0.000501002274206626546649 0.882477398284240543979706
2459791.40000000 0.720629917121602070473330 0.000762248604024938665458 -0.000774876074230302865943 0.693319075961984943035077
2459791.50000000 0.899982431785142034108560 0.000484973481826994515069 -0.000972498030154380320444 0.435924811780629639645923
2459791.60000000 0.990759352571762730299554 0.000159966485223743772916 -0.001074418286547072689391 0.135627155567378060441186
2459791.70000000 0.984026483225729609038979 -0.000180788542199208793551 -0.001070604894959564096224 -0.178018823248292268335291
2459791.80000000 0.880446468383159430715068 -0.000503757340778115654881 -0.000961431280454850319822 -0.474144322110483074084186
2459791.90000000 -0.690213574220149173044092 0.000777155433391239314038 0.000757639692458346794557 0.723604894934461673194903
2459792.00000000 -0.432050379342548973582439 0.000974076173226087163766 0.000479284224187924640711 0.901848818356921100303225
2459792.10000000 -0.131365111162386860588214 0.001075138822532850863337 0.000153757391124059055766 0.991333459540289174682925
2459792.20000000 0.182249012422408096512072 0.001070396020794053262501 -0.000186905531003634306150 0.983251807417296008750895
2459792.30000000 0.477926324022660609092128 0.000960312915081969892261 -0.000509179132540148681428 0.878399252812440245463677
2459792.40000000 0.726566487793829152153080 0.000755721567594579515283 -0.000781347214123030231817 0.687095304303359522002381
2459792.50000000 0.903698524431565619607909 0.000476755115552573516605 -0.000976624126734261044716 0.428167952852220534687433
