2459884.50000000 0.939770830114484256867513 -0.000361474443893075863144 -0.001035207022709029762997 -0.341803429690498317139458
2459884.60000000 0.787622432650148640576049 -0.000664678702484341023607 -0.000871834861642954293999 -0.616157205339595170912048
2459884.70000000 -0.557956827902660879026087 0.000902478635156664528959 0.000622654314753470186812 0.829869252370645793526194
2459884.80000000 -0.273377533333636901780039 0.001051468506895929374764 0.000312186078311784678471 0.961906191487440942466947
2459884.90000000 0.038107373612078360158861 0.001096982306532561088006 -0.000029016585498257618987 0.999273047702127881208867
2459885.00000000 0.345841781505348333514149 0.001034537412416293477094 -0.000367374649037135894789 0.938292202319204293736732
2459885.10000000 0.619538701426118443293944 0.000870276073675913257495 -0.000669588014383531407621 0.784965344270766585133003
2459885.20000000 0.832261088428308815068135 0.000620361216628074357317 -0.000905912846366176290579 0.554382787576871205459383
2459885.30000000 0.963072964818076360238308 0.000309386017281216044953 -0.001053088999081518454745 0.269238295418759376875784
2459885.40000000 0.999099925345655281994084 -0.000032046269870365493330 -0.001096629414316071474828 -0.042404428435284406695427
2459885.50000000 0.936796222849349713435174 -0.000370334037511609048560 -0.001032246145418078521819 -0.349873740334127214524074
2459885.60000000 0.782293740859820951882853 -0.000672184240555826384607 -0.000866272649223894116409 -0.622908741912509333893411
2459885.70000000 -0.550798497419608179548334 0.000907889025496682179443 0.000615040746122034131214 0.834637533724791325084880
2459885.80000000 -0.265094081660585623172466 0.001054249599660931312195 0.000303273545592729911434 0.964221926970703191450696
2459885.90000000 0.046700695404550469913563 0.001096859569811531234101 -0.000038347532820794413648 0.998908324360616717285666
2459886.00000000 0.353899225152572050046018 0.001031523001366280254537 -0.000376202192024770176726 0.935282915950153226347652
2459886.10000000 0.626267259391552477687526 0.000864667626198619169650 -0.000677040019142071129894 0.779607666573599145110052
2459886.20000000 0.836998541102023430049428 0.000612712494827105354570 -0.000911252919073932609803 0.547204017158231081907616
2459886.30000000 0.965353055687437455745226 0.000300452288163253122474 -0.001055789158354920008465 0.260944961461667290780753
2459886.40000000 0.998698249573305329995776 -0.000041382731661425149316 -0.001096422216008634915527 -0.050996102249702045250412
2459886.50000000 0.933752313062795269438254 -0.000379150982890127442350 -0.001029151119444940334219 -0.357918167940644682545326
2459886.60000000 0.776907176371888774646379 -0.000679610437011722253765 -0.000860594438575892624159 -0.629614196796856706583867
2459886.70000000 -0.543599419854939203133881 0.000913190236616957611536 0.000607339126622851886370 0.839344070066417313746854
2459886.80000000 -0.256791018813063653958295 0.001056901076072443547774 0.000294308275926203342151 0.966466331022106439618824
2459886.90000000 0.055290562334925158483045 0.001096597901925233002965 -0.000047691600312423639647 0.998469703553839682541593
2459887.00000000 0.361930487939513156891991 0.001028372216570155742513 -0.000385002362833836066919 0.932204439017124575350692
2459887.10000000 0.632949487193569360066192 0.000858936949526358721300 -0.000684426773077263252663 0.774192314898648592524921
2459887.20000000 0.841674074085731249716957 0.000604965983958700927355 -0.000916495721007007488508 0.539984765584353709755305
2459887.30000000 0.967561731435380600885310 0.000291453325126869060898 -0.001058368602366874982115 0.252632323292683869109254
2459887.40000000 0.998222691870991662987933 -0.000050746630897747948934 -0.001096081385677976586385 -0.059584003422552753170827
2459887.50000000 0.930639325944758621922404 -0.000387955638247765234768 -0.001025921092543323866544 -0.365936117349763334605228
2459887.60000000 0.771463137689704425703496 -0.000686986137733429044240 -0.000854791409710459930762 -0.636273073897572816193247
2459887.70000000 -0.536360127802806396779545 0.000918407557686317689571 0.000599533417118912293972 0.843988513186115785202901
2459887.80000000 -0.248468959066197286889022 0.001059442916712245458949 0.000285268270288428825530 0.968639237581727874371040
2459887.90000000 0.063876338920501540830088 0.001096210638518842206413 -0.000057075079984998481079 0.997957217715487288067777
2459888.00000000 0.369934975689768685835901 0.001025090916733694366980 -0.000393803802884783746372 0.929056999256873239367849
2459888.10000000 0.639584890454593657516114 0.000853082146620909873361 -0.000691777195042529735071 0.768719689871908196110439
2459888.20000000 0.846287341465346565350103 0.000597112312069758718013 -0.000921668401490306765655 0.532725566928485605444621
2459888.30000000 0.969698828641753052259844 0.000282373086856043396028 -0.001060850835886554318493 0.244300995887014760210576
2459888.40000000 0.997673287399628794247519 -0.000060159420242433819673 -0.001095625210106063868176 -0.068167496617615633280884
2459888.50000000 0.927457491773895692510621 -0.000396773259601517207674 -0.001022567964964536928879 -0.373926995385207516786608
2459888.60000000 0.765962027545671664263693 -0.000694338568207915254188 -0.000848868383207597725255 -0.642884880576572115273848
2459888.70000000 -0.529081156811382014026890 0.000923568259410862844525 0.000591621174773726489667 0.848570519469480699648045
2459888.80000000 -0.240128518088874004510203 0.001061900559540979475590 0.000276144144836072962402 0.970740485872350067353409
2459888.90000000 0.072457389980312161825715 0.001095719681124992985616 -0.000066513506623320272694 0.997370904734656171797269
2459889.00000000 0.377912096231012240021840 0.001021696048255923885278 -0.000402627009279012473830 0.925840829489904426630176
2459889.10000000 0.646172978281648768827949 0.000847114161728150776715 -0.000699115250658721796434 0.763190196329520564866300
2459889.20000000 0.850838001930251941473671 0.000589155803990592803580 -0.000926796705672908258805 0.525426958210332806231690
2459889.30000000 0.971764189181171800235859 0.000273209118358368522293 -0.001063261617657374055387 0.235951595578844708356314
2459889.40000000 0.997050076777027838303979 -0.000069630041789496473778 -0.001095077736978007556384 -0.076745946830964986706825
2459889.50000000 0.924207045914489988547302 -0.000405618563067049588220 -0.001019112500711846520246 -0.381890210878595759425025
2459889.60000000 0.760404252888722931302823 -0.000701687143026175422222 -0.000842841515475118633997 -0.649449127677816706594172
2459889.70000000 -0.521763045364855737595633 0.000928695095082904330079 0.000583612950742720074798 0.853089749916419726183392
2459889.80000000 -0.231770312871589834191610 0.001064298545333782885364 0.000266940228890705721302 0.972769920424434109129663
2459889.90000000 0.081033080697871462394488 0.001095149716575107316438 -0.000076008977963267748798 0.996710807958856692678751
2459890.00000000 0.385861259416894974982881 0.001018210816175729943947 -0.000411480295911531861099 0.922556167618806988173219
2459890.10000000 0.652713263278288602364796 0.000841053204260360605035 -0.000706454862449929312830 0.757604243316415515430151
2459890.20000000 0.855325718808722323949212 0.000581112365658584088812 -0.000931899202821821867788 0.518089479352903725661861
2459890.30000000 0.973757660237695610305764 0.000263971999157974507744 -0.001065622909602214523142 0.227584740030260662679851
2459890.40000000 0.996353106081726891396499 -0.000079153918491865470097 -0.001094462853229885438214 -0.085318719438738768734432
2459890.50000000 0.920888228801456709682327 -0.000414493261445786072110 -0.001015578921529632821022 -0.389825174724898526612549
2459890.60000000 0.754790224844008372784288 -0.000709039743995977848022 -0.000836733749044192651884 -0.655965329585792567002045
2459890.70000000 -0.514406334808050869078500 0.000933801590945281369607 0.000575528871916388871065 0.857545870195864479157422
2459890.80000000 -0.223394961734072056147582 0.001066655145230838760279 0.000257672473570686052201 0.974727391080791094601921
2459890.90000000 0.089602776664996580668898 0.001094522538926922302499 -0.000085550812394054418387 0.995976976197263219603428
2459891.00000000 0.393781877186458073580866 0.001014659067177218869371 -0.000420359001790101085606 0.919203256611064389858257
2459891.10000000 0.659205261600262271137751 0.000834923547483501027680 -0.000713797741935786960420 0.751962244047778227695744
2459891.20000000 0.859750160098219584625667 0.000573005021165027975463 -0.000936983897246565630365 0.510713673144785662572076
2459891.30000000 0.975679094321304063441858 0.000254681892131163793800 -0.001067948492850137641799 0.219201048188976815866980
2459891.40000000 0.995582426852368973513308 -0.000088715183607978464640 -0.001093799189849846897546 -0.093885180275408111616464
2459891.50000000 0.917501285931512589044701 -0.000423386936338724533847 -0.001011989425468683319320 -0.397731299918065162035674
2459891.60000000 0.749120358708860956120645 -0.000716392181336642798993 -0.000830569293290634477582 -0.662433004238301315069748
2459891.70000000 -0.507011569363795766562930 0.000938890128545288404731 0.000567393436381322916091 0.861938550640826917081938
2459891.80000000 -0.215003084241693981359944 0.001068979181818872740972 0.000248363898628425612373 0.976612753021932733510369
2459891.90000000 0.098165843937178545730582 0.001093852807582242590845 -0.000095119149747867611324 0.995169463720694369435193
2459892.00000000 0.401673363603909705510375 0.001011060254745041074240 -0.000429247893912462449070 0.915782344487004795752227
2459892.10000000 0.665648492996840368540745 0.000828748028235711865254 -0.000721134421927037590205 0.746264615878485915168028
2459892.20000000 0.864110998490989490328218 0.000564858313368647333916 -0.000942047804561377375050 0.503300085205100056207073
2459892.30000000 0.977528349282518860263735 0.000245363227229019958096 -0.001070242099560907373182 0.210801140242091789023249
2459892.40000000 0.994738096092188439634185 -0.000098291341555264917550 -0.001093096921617109015812 -0.102444695619002115738461
2459892.50000000 0.914046467847547949858722 -0.000432280708706194480122 -0.001008359864223807873113 -0.405608001596097667018626
2459892.60000000 0.743395073898814984225680 -0.000723730602583416227427 -0.000824368475182036208014 -0.668851673192928819489111
2459892.70000000 -0.499579296054364241363999 0.000943952907558885320749 0.000559229900663374673159 0.866267466299058486178808
2459892.80000000 -0.206595301184409912975681 0.001071269465988403373630 0.000239038920920605924827 0.978425866772892782741167
2459892.90000000 0.106721649063285906056109 0.001093145992670138590824 -0.000104690266123460645710 0.994288330260719277475800
2459893.00000000 0.409535134887562157768315 0.001007426042247950431774 -0.000438125732054000030513 0.912293684309401720078370
2459893.10000000 0.672042480826393284765174 0.000822543562007424446277 -0.000728447732746147842871 0.740511780291214671834155
2459893.20000000 0.868407911385356778843914 0.000556693071108998495389 -0.000947079084439425588661 0.495849263967282072318454
2459893.30000000 0.979305288324270994948506 0.000236039119355612640825 -0.001072498052947478937649 0.202385637566541237708506
2459893.40000000 0.993820176261399068629032 -0.000107858775540504615181 -0.001092356883593550379713 -0.110996632283751117675763
2459893.50000000 0.910524030123869509978363 -0.000441152258467582345913 -0.001004697426027496192161 -0.413454697076155841539702
2459893.60000000 0.737614793952005798338689 -0.000731035655858848563808 -0.000818144190444422526008 -0.675220861621926515816483
2459893.70000000 -0.492110064688810078248338 0.000948974959825308423886 0.000551055794012540777274 0.870532296939955818615431
2459893.80000000 -0.198172234533072477713489 0.001073516466921768013412 0.000229718292739201299926 0.980166598212624751162991
2459893.90000000 0.115269559112533948042056 0.001092398617617808091740 -0.000114241816679948188511 0.993333641006745482471274
2459894.00000000 0.417366609465568250136869 0.001003759148910304344407 -0.000446970298211406345378 0.908737534158196580413858
2459894.10000000 0.678386752093093403637170 0.000816318729721618105422 -0.000735717256507571466632 0.734704162862707677028595
2459894.20000000 0.872640580927552034218309 0.000548522964067783250393 -0.000952060618576693138554 0.488361760604887673586916
2459894.30000000 0.981009780003030296136046 0.000226727185172315658622 -0.001074703749007130610185 0.193955162717265955363288
2459894.40000000 0.992828735274318918690994 -0.000117397336174721633240 -0.001091571830316139793057 -0.119540357628917182086781
2459894.50000000 0.906934233343152151896049 -0.000449980475468328010476 -0.001001000642740211468013 -0.421270805901776623780819
2459894.60000000 0.731779946478554044198006 -0.000738286876438591080016 -0.000811900720770753359795 -0.681540098366123170414710
2459894.70000000 -0.484604427819716188086119 0.000953937983973577935046 0.000542880687861300613092 0.874732727077222160794179
2459894.80000000 -0.189734507403631541544442 0.001075705363846413001663 0.000220416028645622005680 0.981834818579320200981897
2459894.90000000 0.123808941754159421155812 0.001091600364759286873051 -0.000123756502926053191813 0.992305466595007179542165
2459895.00000000 0.425167207995100993045412 0.001000054418695834950945 -0.000455762386224951561529 0.905114157118887763253667
2459895.10000000 0.684680837472568804003004 0.000810073791510731978059 -0.000742923363671233903324 0.728842193237011826134619
2459895.20000000 0.876808694009642008992955 0.000540353510500911219175 -0.000956973832005271387441 0.480838129028702931933026
2459895.30000000 0.982641698240928285201790 0.000217437653043924341862 -0.001076843028146061941042 0.185510339355479447753794
2459895.40000000 0.991763846489210787460422 -0.000126892971691919341070 -0.001090729162105302622876 -0.128075239623594738791468
2459895.50000000 0.903277343086788864212622 -0.000458748634513955842046 -0.000997261322569741471417 -0.429055749856812440601317
2459895.60000000 0.725890963134041888871195 -0.000745466185734522564232 -0.000805634777691675765116 -0.687808915958819211411424
2459895.70000000 -0.477062940698524229343747 0.000958823934326946463944 0.000534706312058807857468 0.878868445990325763972351
2459895.80000000 -0.181282743999207240914728 0.001077819490608425022013 0.000211138612855391852221 0.983430404478828013026259
2459895.90000000 0.132339165264799968335652 0.001090737154149498981323 -0.000133223699043514529116 0.991203883104061378439553
2459896.00000000 0.432936353416571106933475 0.000996301337703848393160 -0.000464488134505693464095 0.901423821254105028799586
2459896.10000000 0.690924271365376818643256 0.000803802485213199317295 -0.000750050079315135991703 0.722926305071272978786112
2459896.20000000 0.880911942301198180871324 0.000532183048567514793530 -0.000961801884817957593310 0.473278925823896190472340
2459896.30000000 0.984200922329862781801069 0.000208173456776776397105 -0.001078899462266858389620 0.177051792209092812013793
2459896.40000000 0.990625588701226411636469 -0.000136338499302400323245 -0.001089814071298957336847 -0.136600646876575193555681
2459896.50000000 0.899553629895972539642912 -0.000467445955747469753857 -0.000993467330544255209507 -0.436808953041822323193344
2459896.60000000 0.719948279584656569696222 -0.000752560105382383583150 -0.000799337721517191161606 -0.694026850658473581923147
2459896.70000000 -0.469486161236665366924825 0.000963617704301565907062 0.000526528061785247122883 0.882939147742320740164246
2459896.80000000 -0.172817569555747591047989 0.001079843269466907807255 0.000201885701914485203145 0.984953237891608490706119
2459896.90000000 0.140859598591830004199466 0.001089794092769512173433 -0.000142639579264624562997 0.990028972044243116279461
2459897.00000000 0.440673470995437133179706 0.000992486768169844463250 -0.000473139940840421762726 0.897666799580453922402512
2459897.10000000 0.697116591900148740990062 0.000797494339225776312577 -0.000757086678828322243162 0.716956936028508184932662
2459897.20000000 0.884950022260533430973339 0.000524004464613945846949 -0.000966531789091956456024 0.465684710223838782550132
2459897.30000000 0.985687336936332703096753 0.000198931272153562635615 -0.001080858795894942261592 0.168580147032846183741128
2459897.40000000 0.989414046133540003857831 -0.000145733303649064682228 -0.001088812092552298707235 -0.145115948687022072727260
2459897.50000000 0.895763369257212005436486 -0.000476068016255507800352 -0.000989605035465464504679 -0.444529841897766397895708
2459897.60000000 0.713952335473334476212415 -0.000759560800678674456418 -0.000792997714282999755821 -0.700193442481080730033227
2459897.70000000 -0.461874649961728056535293 0.000968308671935084368590 0.000518336703882649207399 0.886944531201172448042769
2459897.80000000 -0.164339610328716717591035 0.001081764095966061952833 0.000192651281128035329693 0.986403206173101509968149
2459897.90000000 0.149369611407224378574199 0.001088757520481278178240 -0.000152006560037486215288 0.988780820348355682369856
2459898.00000000 0.448377988347826994530720 0.000988596979163802128815 -0.000481716497496051116855 0.893843370054256736167986
2459898.10000000 0.703257340978005962561781 0.000791136528996749842715 -0.000764028262086566354455 0.710934527733507959368353
2459898.20000000 0.888922635169459018911198 0.000515806745960200349436 -0.000971155429753020951744 0.458056044042078003286633
2459898.30000000 0.987100832109694903415686 0.000189702673561314668401 -0.001082710295260477491655 0.160096030554489593411560
2459898.40000000 0.988129308426494823436315 -0.000155082628830030463127 -0.001087710648595129623098 -0.153620515111574207356426
2459898.50000000 0.891906841587541521221283 -0.000484616504229312542503 -0.000985660919819835931732 -0.452217845234236248685988
2459898.60000000 0.707903574394223467081133 -0.000766466275861158070903 -0.000786601270340243734214 -0.706308235225301728199554
2459898.70000000 -0.454228969976361141025478 0.000972891286934330604304 0.000510119761083167476065 0.890884300060423406364407
2459898.80000000 -0.155849493514553044670734 0.001083573247209254804269 0.000183424796385113492289 0.987780202066868673327349
2459898.90000000 0.157868574148399026801926 0.001087616154685014813880 -0.000161332483339381355970 0.987459520364721510254924
2459899.00000000 0.456049335498954377943193 0.000984618934571828384461 -0.000490222328907048742266 0.889953815542214754508166
2459899.10000000 0.709346064325863667754390 0.000784715212056813905643 -0.000770875661557176195156 0.704859525719465085380477
2459899.20000000 0.892829487144303546308777 0.000507576267688338760367 -0.000975669836904654599018 0.450393491649143495880736
2459899.30000000 0.988441303289131378839727 0.000180475281749678555980 -0.001084447357390285653425 0.151600070429834338225916
2459899.40000000 0.986771470635940506355155 -0.000164396651962435945155 -0.001086499948080163523503 -0.162113716971238969177804
2459899.50000000 0.887984332199450165923338 -0.000493098583749397752218 -0.000981622699020214678489 -0.459872394299245257354158
2459899.60000000 -0.701802443827374333729097 0.000773280082510692068180 0.000780134512338115219433 0.712370776537961769570018
2459899.70000000 -0.446549686908252918549067 0.000977365152777788038022 0.000501862806285660470809 0.894758162864575545825119
2459899.80000000 -0.147347847213764593377050 0.001085266340763340383452 0.000174192379779580059848 0.989084123709959794901181
2459899.90000000 0.166355858061243616630165 0.001086361898611645044818 -0.000170629567708261310061 0.986065169850211753477254
2459900.00000000 0.463686944928018263123448 0.000980541391600728545058 -0.000498667019209812181942 0.885998423798069256740462
2459900.10000000 0.715382311499933476461877 0.000778216827672068229074 -0.000777635027957778606801 0.698732379423386507077964
2459900.20000000 0.896670289156705213606813 0.000499298179754242648330 -0.000980077183336923321924 0.442697619931756602973394
2459900.30000000 0.989708651311296150332453 0.000171234109225053623971 -0.001086067936963250497862 0.143092895192379859770071
2459900.40000000 0.985340633217248962338886 -0.000173689312402076521599 -0.001085173818101446653259 -0.170594925951743803249627
2459900.50000000 0.883996131282430153142116 -0.000501526021279347067848 -0.000977480493885174482951 -0.467492922813583178243135
2459900.60000000 -0.695649395146002325063250 0.000780010842187613519585 0.000773584579912795639034 0.718380617905517437904450
2459900.70000000 -0.438837368886650203148037 0.000981735008209990702918 0.000493550974374282582294 0.898565833020609661119238
2459900.80000000 -0.138835300378666121057236 0.001086843792601814573384 0.000164938315199726018984 0.990314874640553344242733
2459900.90000000 0.174830835250243482592580 0.001084990744213489965303 -0.000179913138941886286207 0.984597871961793380535255
2459901.00000000 0.471290251599691456529939 0.000976356169551566093444 -0.000507064273593996845887 0.881977487445743335570114
2459901.10000000 0.721365635935429794223239 0.000771629611968156184539 -0.000784317325723990509991 0.692553542135827426839967
2459901.20000000 0.900444757065179679500488 0.000490958020594699988230 -0.000984384774491437603006 0.434968998228885239676345
2459901.30000000 0.990902782417294791805773 0.000161963111676220673958 -0.001087575040837024213658 0.134575134203132079635523
2459901.40000000 0.983836902025356896395181 -0.000182976978783678839897 -0.001083730661407007701477 -0.179063514597667700067873
2459901.50000000 0.879942533885493372025621 -0.000509914206547358301973 -0.000973228160901939477224 -0.475078867003341676067407
2459901.60000000 -0.689444883553274268095379 0.000786671721136472765386 0.000766941205144898831628 0.724337314716246627455121
2459901.70000000 -0.431092586461682192311429 0.000986010710329405593369 0.000485170630429334812355 0.902307028837573632529256
2459901.80000000 -0.130312482778874444422357 0.001088311312799670072665 0.000155646638138542747288 0.991472363802573752877834
2459901.90000000 0.183292878735128228484541 0.001083503734852320037063 -0.000189200252459075608444 0.983057735246283481700402
2459902.00000000 0.478858693020043357790883 0.000972059489565473390862 -0.000515430894113401254220 0.877891303949428936093113
2459902.10000000 0.727295594975597148312829 0.000764945190263543583348 -0.000790937759229653992651 0.686323470970324533979579
2459902.20000000 0.904152611626481861328841 0.000482543415545982705937 -0.000988604979779810150511 0.427208198306907815933187
2459902.30000000 0.992023608256856648246469 0.000152646837743545908932 -0.001088977173268132567913 0.126047417618740359435137
2459902.40000000 0.982260388298232589576742 -0.000192276997238003126596 -0.001082174379079456827055 -0.187518856406537287595526
2459902.50000000 0.875823839890142452624389 -0.000518281030192001669968 -0.000968864615137390188838 -0.482629665650347261518505
2459902.60000000 -0.683189368051855594465849 0.000793279741178268531926 0.000760198324947548159658 0.730240426288503496898841
2459902.70000000 -0.423315912585678244539622 0.000990207047372589251044 0.000476711136588500652023 0.905981473534546388748367
2459902.80000000 -0.121780024929517088905229 0.001089680249172657105702 0.000146302908009210338178 0.992556505555340140567466
2459902.90000000 0.191741362490901040560587 0.001081907827095841476139 -0.000198508067589010469590 0.981444873632632330817671
2459903.00000000 0.486391709257274540423310 0.000967653300864131744527 -0.000523785445368002379116 0.873740175602123470000038
2459903.10000000 0.733171749919445447929434 0.000758160275729117833637 -0.000797514857200957278348 0.680042626812806583203042
2459903.20000000 0.907793578521655764035359 0.000474046022606725459426 -0.000992754836103010599932 0.419415794305161182542463
2459903.30000000 0.993071045898681004082675 0.000143272470101658453649 -0.001090288523728798414716 0.117510376313254547020470
2459903.40000000 0.980611208654061372591570 -0.000201605724047505428451 -0.001080515165609282571962 -0.195960325841149057835011
2459903.50000000 0.871640353983761828615684 -0.000526645165797215756252 -0.000964395208227005786006 -0.490144760140673207970963
2459903.60000000 -0.676883311418940092352159 0.000799854480173643484636 0.000753355967945315411517 0.736089515894287615971336
2459903.70000000 -0.415507922583826350138025 0.000994343006326691954480 0.000468167124968640923147 0.909588895254984541871579
2459903.80000000 -0.113238558059320468252018 0.001090967535994036676297 0.000136896700461506138496 0.993567219677372159836182
2459903.90000000 0.200175661491809570025069 0.001080216586353925428340 -0.000207851336922057526937 0.979759406423793111073905
2459904.00000000 0.493888743024323173536061 0.000963146729990612131440 -0.000532145947200712106026 0.869524409480529114624403
2459904.10000000 0.738993666029521767413257 0.000751278812969306537643 -0.000804068593298932674483 0.673711474313340774600078
2459904.20000000 0.911367388375659226440462 0.000465464243354774280439 -0.000996854803968859727939 0.411592362694512547971470
2459904.30000000 0.994045017833935062867567 0.000133832914128306323769 -0.001091528528078958629188 0.108964641849566987175102
2459904.40000000 0.978889485077727883322041 -0.000210975299986017843365 -0.001078769987200032479807 -0.204387298403389761070059
2459904.50000000 0.867392385636355678357745 -0.000535022980981159383337 -0.000959833162694626214340 -0.497623594507254407570684
2459904.60000000 -0.670527180157262314708078 0.000806415403910046139392 0.000746422600600024849574 0.741884150806052633519982
2459904.70000000 -0.407669194065519990832769 0.000998439793907601388923 0.000459541625976278133442 0.913129027108998125861206
2459904.80000000 -0.104688714049483475032609 0.001092194630380432856728 0.000127425308957038494828 0.994504431374740205384910
2459904.90000000 0.208595151772034387294141 0.001078450199313512854540 -0.000217238405552930101535 0.978001458285969182959718
2459905.00000000 0.501349239683407166268125 0.000958557245630346538463 -0.000540525892268997544717 0.865244317443445098980703
2459905.10000000 0.744760912593342427889809 0.000744314275937569061470 -0.000810616756447680975560 0.667330481822342558295702
2459905.20000000 0.914873776780522285356767 0.000456806536913459035852 -0.001000925812130996515534 0.403738482231054407467497
2459905.30000000 0.994945451985002837780314 0.000124330919695777675302 -0.001092719867592294039418 0.100410846421696883790098
2459905.40000000 0.977095344913472496628515 -0.000220389004465199348989 -0.001076961748024238664859 -0.212799150680023529957907
2459905.50000000 0.863080249086384809764638 -0.000543423704328119825183 -0.000955200031422433573115 -0.505065615460106753786818
2459905.60000000 -0.664121444462029586475182 0.000812977208496098199646 0.000739416907096743973929 0.747623902330405099014854
2459905.70000000 -0.399800306913079106507780 0.001002516713583398921469 0.000450849093936558583968 0.916601607181183664074808
2459905.80000000 -0.096131125405870085365301 0.001093384251263198594581 0.000117897844956404228398 0.995368071287615951980854
2459905.90000000 0.216999210481400472971814 0.001076633345123987348449 -0.000226666290665749893237 0.976171159240590280425920
2459906.00000000 0.508772647316851678311878 0.000953909855490169661905 -0.000548928823518032155127 0.860900216096423753775468
2459906.10000000 0.750473062949674529775734 0.000737290294068653037814 -0.000817169384682109160335 0.660900121367470561040136
2459906.20000000 0.918312484322965527638871 0.000448093482707583642272 -0.001004983921615963757962 0.395854733905911804203726
2459906.30000000 0.995772281714462526025500 0.000114782492607418519850 -0.001093883727106698122711 0.091849622820098258957344
2459906.40000000 0.975228920861016757015705 -0.000229836672087235229997 -0.001075115473623109883447 -0.221195260387094666532093
2459906.50000000 0.858704263307328852228295 -0.000551843923580681112659 -0.000950523084642701044170 -0.512470272456361231050437
2459906.60000000 -0.657666578186425043739405 0.000819543715393138876360 0.000732366589520428378467 0.753308345847319982269141
2459906.70000000 -0.391901843223942059069032 0.001006584816481639063981 0.000442115749322580741353 0.920006378563724247499067
2459906.80000000 -0.087566425165182829037924 0.001094554169467079228137 0.000108337162723259213784 0.996158075506930140718964
2459906.90000000 0.225387215914955668649711 0.001074789511962561143130 -0.000236117225479699652203 0.974268644665269301086141
2459907.00000000 0.516158416757164340005204 0.000949232320095644158467 -0.000557343489993883649952 0.856492426782923477190934
2459907.10000000 0.756129694529171891836938 0.000730237097023248276501 -0.000823722763149263982434 0.654420868619886464401247
2459907.20000000 0.921683256605935197214308 0.000439355733153162309260 -0.001009033474998225106412 0.387941700916330733939219
2459907.30000000 0.996525445842343260416385 0.000105216556946489432764 -0.001095032470770824790246 0.083281604341741047314862
2459907.40000000 0.973290350974442275422405 -0.000239293210056257938095 -0.001073250937203583388335 -0.229575006415913523971639
2459907.50000000 0.854264751995395199557493 -0.000560264276397845896287 -0.000945828338377766681885 -0.519837017737738604772346
2459907.60000000 -0.651163058813198358798502 0.000826102841017671844955 0.000725302252307531572853 0.758937060847061584212270
2459907.70000000 -0.383974387282765172724197 0.001010640369077258704858 0.000433374747436188125383 0.923343089378369286102100
2459907.80000000 -0.078995246901564189490053 0.001095709501124815521411 0.000098776685599488399923 0.996874385582490418755697
2459907.90000000 0.233758547578326147942107 0.001072932538935183338635 -0.000245559885456670128241 0.972294055288735248332443
2459908.00000000 0.523506001658260888831364 0.000944546439851893832214 -0.000565742944030108363060 0.852021275552581558443421
2459908.10000000 0.761730388879320208239676 0.000723183089199889192304 -0.000830256339217705276873 0.647893202879759377843527
2459908.20000000 0.924985844280524882599082 0.000430626429314671357786 -0.001013061917042989285020 0.379999968614038452496828
2459908.30000000 0.997204888653233645356977 0.000095668739790659619191 -0.001096162598981920187693 0.074707424803643410204934
2459908.40000000 0.971279778658400427815423 -0.000248722980808856923909 -0.001071374119212288415770 -0.237937768887785061622253
2459908.50000000 0.849762043562466096169317 -0.000568651636215224587541 -0.000941131000269236780119 -0.527165306358279406317990
2459908.60000000 -0.644611367445049543434266 0.000832626351797819655616 0.000718247407326062944043 0.764509630949179341818933
2459908.70000000 -0.376018525504382583601881 0.001014662095458283798052 0.000424656369253404797695 0.926611492808559256140200
2459908.80000000 -0.070418224656409678097191 0.001096837519027647712619 0.000089251421570798699485 0.997516948536480763110035
2459908.90000000 0.242112586222132109003979 0.001071059242774897047462 -0.000254956940285800261019 0.970247537189102837729138
2459909.00000000 0.530814858493475760781166 0.000939858896380904845075 -0.000574090127055902231176 0.847487093168886929106520
2459909.10000000 0.767274731709913004884527 0.000716144435422563611915 -0.000836735921050594535185 0.641317607031834047148777
2459909.20000000 0.928220003055799547375670 0.000421930159172254906023 -0.001017040329041866541376 0.372030124493432645671476
2459909.30000000 0.997810559906203597968499 0.000086170388828724802429 -0.001097252508226679223666 0.066127718476579583350983
2459909.40000000 0.969197352663494937630162 -0.000258090023759698192381 -0.001069472260415793227195 -0.246282929185779347891483
2459909.50000000 0.845196471115901570847484 -0.000576967904068587198602 -0.000936428061334214942128 -0.534454596222415978523657
2459909.60000000 -0.638011988749618397243069 0.000839076633502793857444 0.000711209015171849101740 0.770025643951753213656275
2459909.70000000 -0.368034846446889662985313 0.001018615448887416662441 0.000415977065279801955060 0.929811347094700479942730
2459909.80000000 -0.061835992921418655998700 0.001097909102326480399597 0.000079786171269206361870 0.998085716864460459341046
2459909.90000000 0.250448713849093895777997 0.001069147896965755469012 -0.000264276952257730597153 0.968129241791317762810820
2459910.00000000 0.538084446597643650811449 0.000935156801192415826525 -0.000582349123615453936713 0.842890215081700255872477
2459910.10000000 0.772762312903442105671559 0.000709117909440626749754 -0.000843123563908839096341 0.634694567528342079576475
2459910.20000000 0.931385493714246281982128 0.000413273514913716400083 -0.001020931299813140121641 0.364032758144858803461830
2459910.30000000 0.998342414832371183308624 0.000076737402703347767203 -0.001098267819063016405637 0.057543120053490631748971
2459910.40000000 0.967043227077363787280717 -0.000267370267098595041852 -0.001067516276378156596383 -0.254609869968876079138198
2459910.50000000 0.840568372437406896580114 -0.000585182500804854897544 -0.000931697611043211574265 -0.541704348107379107801762
2459910.60000000 -0.631365410955045391894203 0.000845418675060171406592 0.000704173714899472840030 0.775484691825462979508643
2459910.70000000 -0.360023940729704616803275 0.001022463324351004102311 0.000407332815443916217146 0.932942415559386950540954
2459910.80000000 -0.053249186582458370164961 0.001098887492576747183445 0.000070386422858749114815 0.998580648530697945197687
2459910.90000000 0.258766313790901758551399 0.001067164471057881506774 -0.000273505378720266523456 0.965939325838583218164501
2459911.00000000 0.545314228212966933817540 0.000930411021663109585877 -0.000590497368419071774585 0.838230981386509976793775
2459911.10000000 0.778192726524935318721532 0.000702081100693022945938 -0.000849390211359639098025 0.628024574361156218138547
2459911.20000000 0.934482082115869805427621 0.000404642178561195810672 -0.001024701205760905750250 0.356008461214250004900350
2459911.30000000 0.998800414125548652322095 0.000067364396090714400290 -0.001099172529076366958481 0.048954264615810684502240
2459911.40000000 0.964817561300497672505116 -0.000276559896413761910523 -0.001065470098264286683692 -0.262917975220183619544656
2459911.50000000 0.835878089934497525703705 -0.000593282725498037069416 -0.000926905806486519930759 -0.548914025716408016108971
2459911.60000000 -0.624672125799290989256463 0.000851631755514771775391 0.000697112022210899517916 0.780886370739692248221786
2459911.70000000 -0.351986401005582649759162 0.001026178342214740472210 0.000398700339137651271846 0.936004466604081430958217
2459911.80000000 -0.044658440905730394099304 0.001099740421352444347258 0.000061036547360919057685 0.999001706956032964335179
2459911.90000000 0.267064770707916787628733 0.001065073877331985854194 -0.000282649232340560470703 0.963677951378676178606497
2459912.00000000 0.552503668489675692221397 0.000925585893929119457417 -0.000598532834470475610424 0.833509736808245582651011
2459912.10000000 0.783565570851869841462189 0.000695000049547262431504 -0.000855524941889386774004 0.621308121005209379461576
2459912.20000000 0.937509539202271979796421 0.000396006072395630793516 -0.001028330938819399867357 0.347957827357023352643495
2459912.30000000 0.999184523932379664579173 0.000058027112238039255077 -0.001099940575412773841393 0.040361787587536272770006
2459912.40000000 0.962520520015744840414129 -0.000285675771452521972370 -0.001063302392716352403473 -0.271206630312795848869456
2459912.50000000 0.831125970631774513286416 -0.000601276932782711186730 -0.000922018079855270109024 -0.556083095669702376362409
2459912.60000000 -0.617932628482302348515987 0.000857715162950356329805 0.000689988397034917632852 0.786230281086338855800477
2459912.70000000 -0.343922821922873322986192 0.001029750754985136540834 0.000390045468550448653881 0.938997273711766333725848
2459912.80000000 -0.036064391447151733505194 0.001100449737468343208713 0.000051706022237897981346 0.999348861012040345919161
2459912.90000000 0.275343470675893486898644 0.001062850762088773329955 -0.000291733342777714870029 0.961345285730206611241044
2459913.00000000 0.559652235542719256322641 0.000920650560670697331624 -0.000606472979846645922353 0.828726830653262913628510
2459913.10000000 0.788880448406928058702192 0.000687840483031272424685 -0.000861536654437240170985 0.614545704362816302968042
2459913.20000000 0.940467641007562749067006 0.000387329845386883602279 -0.001031820233239792630048 0.339881452185722077175001
2459913.30000000 0.999494715848372683453249 0.000048691547781868657716 -0.001100562555584285633417 0.031766324654080059508576
2459913.40000000 0.960152273176733683790474 -0.000294748205931256264042 -0.001060995288235395527660 -0.279475222024544722732031
2459913.50000000 0.826312366111852880656841 -0.000609189658203761891242 -0.000917009357146802896871 -0.563211027583731649315268
2459913.60000000 -0.611147417612856402868715 0.000863685973443427640155 0.000682772341474757217539 0.791516027514953535160203
2459913.70000000 -0.335833800049764819029008 0.001033189030705848349828 0.000381334445827839860644 0.941920615470439481775600
2459913.80000000 -0.027467674014875750887477 0.001101014771503383516890 0.000042360221254404318452 0.999622085018108452736385
2459913.90000000 0.283601801210076054360343 0.001060485447799339826444 -0.000300790761808282253870 0.958941501472095225722114
2459914.00000000 0.566759400504172172752249 0.000915587113537756494899 -0.000614346968933730764803 0.823882616771151377044191
2459914.10000000 0.794136965973799902052122 0.000680577626354124951349 -0.000867448614089513011377 0.607737824740549270607914
2459914.20000000 0.943356168676833028996498 0.000378583701732615148568 -0.001035184891288632282394 0.331779933217183520266502
2459914.30000000 0.999730966918271679588770 0.000039325070019100029069 -0.001101045805422099172280 0.023168511734329690077150
2459914.40000000 0.957712995984167481111626 -0.000303810313593259277015 -0.001058547277583387442521 -0.287723138623932561674934
2459914.50000000 0.821437632483314694731291 -0.000617052146553094082830 -0.000911869556166213499938 -0.570297294119702313786036
