2460157.50000000 0.902756519594645978621372 0.000505163400171412921465 -0.001021772610506940792696 0.430150400580550595908136
2460157.60000000 0.991607814495944261956595 0.000163897595110233857719 -0.001127540036231879051407 0.129277391763871651875206
2460157.70000000 0.982865814277823934830280 -0.000193513135933684801964 -0.001122348550373342612393 -0.184319000675537886246858
2460157.80000000 0.877390900736023438000188 -0.000531895659515787037029 -0.001006704410547360189349 -0.479774854424881880277098
2460157.90000000 -0.685563834537110339262256 0.000817948091035107711401 0.000791983910097727224903 0.728011629369013757440143
2460158.00000000 -0.426264091510903553317036 0.001023517221208495578053 0.000499314202803621169993 0.904598047414311601244208
2460158.10000000 -0.125011757281085628124018 0.001128369372796348855600 0.000157494459977418777702 0.992154606157324758797245
2460158.20000000 0.188544140032168655585210 0.001122181953789444866509 -0.000199838077913268373064 0.982064054953431075922765
2460158.30000000 0.483543663625378261627930 0.001005559693778315883197 -0.000537518280679061982198 0.875319498977998877720097
2460158.40000000 0.730953185042602981980053 0.000789975512440127709823 -0.000822313794727715248987 0.682426656142723131459604
2460158.50000000 0.906422843868205485584610 0.000496641812943941904010 -0.001026195599958097236931 0.422369895213843382641983
2460158.60000000 0.992683048297202663690086 0.000154423234619355405871 -0.001129096613329558804542 0.120743806952257629050429
2460158.70000000 0.981244133902594017904164 -0.000203003745205810302594 -0.001120886813240906231676 -0.192765795938023037914277
2460158.80000000 0.873231910752492845873007 -0.000540464850739568250515 -0.001002370490134976048838 -0.487303532917874038243866
2460158.90000000 -0.679276859599982407722507 0.000824749564814746135254 0.000785207442660493877724 0.733881224210545912711723
2460159.00000000 -0.418467890949244192277945 0.001027879520154898742787 0.000490765850101931768584 0.908230877506729483705783
2460159.10000000 -0.116473627298279786002055 0.001129862094846884826987 0.000148019669881658925970 0.993193131090551850626014
2460159.20000000 0.196983883117859304157093 0.001120658180442074981081 -0.000209302537469160807515 0.980406063888396794858693
2460159.30000000 0.491054386663759667719376 0.001001170453386216168540 -0.000546036784524744933135 0.871128170156019732139896
2460159.40000000 0.736795688317133268263603 0.000783154854623047233693 -0.000829044204435140609163 0.676114496983184265488376
2460159.50000000 0.910022112613624201138407 0.000488063966195348777639 -0.001030472385262795349120 0.414558143659059796792832
2460159.60000000 0.993684845188054000075795 0.000144936070102627908738 -0.001130496555699751553767 0.112201289717699922987570
2460159.70000000 0.979549862845137786493410 -0.000212462385533213900897 -0.001119270812527192130587 -0.201198330739332159611266
2460159.80000000 0.869008320642198572869574 -0.000548959714009966074505 -0.000997897349340452375840 -0.494796161563809511196865
2460159.90000000 -0.672939632984915436786366 0.000831440310506384623601 0.000778318266895119677089 0.739696527830960515181857
2460160.00000000 -0.410640732903460092817483 0.001032103703661006342471 0.000482140591729135188723 0.911796518299169078680677
2460160.10000000 -0.107926880825046297984748 0.001131200626658504775762 0.000138510097058986770321 0.994158181375137450785928
2460160.20000000 0.205409053670369906585691 0.001118976801179318242632 -0.000218756846686252404100 0.978675544144351206021781
2460160.30000000 0.498528782351699950581292 0.000996633126715264607356 -0.000554501145403330539078 0.866872396848210269304502
2460160.40000000 0.742583684745268812754659 0.000776207746258028466295 -0.000835681088960124216977 0.669752320106591914061767
2460160.50000000 0.913554059532101003782145 0.000479391575843370997944 -0.001034624148244155930274 0.406715723876753754151281
2460160.60000000 0.994613131044350451404057 0.000135393828129374898736 -0.001131750462249776810822 0.103650472083854319760299
2460160.70000000 0.977783126448031114641424 -0.000221932423136279936534 -0.001117499946038189506323 -0.209615981196619061144304
2460160.80000000 0.864720442873308292597301 -0.000557421769713197260906 -0.000993273353030049450246 -0.502252186023657731794856
2460160.90000000 -0.666552623532883026236107 0.000838057233858008061682 0.000771294645665915649078 0.745457109983833521305030
2460161.00000000 -0.402783196440582025310562 0.001036219659288446868356 0.000473408202013374647486 0.915294705981732348298863
2460161.10000000 -0.099372150170834325222380 0.001132405963224903874820 0.000128929193900024114143 0.995049685595685629024842
2460161.20000000 0.213819028352907003487360 0.001117148693628628808652 -0.000228241322576993856076 0.976872623732772393800872
2460161.30000000 0.505966297694901201431605 0.000991947967582352532409 -0.000562952702063397570319 0.862552493892362215355263
2460161.40000000 0.748316746096383211828140 0.000769124042930932399695 -0.000842264064528114959549 0.663340596187625419766221
2460161.50000000 0.917018423299834184447832 0.000470605016607085686105 -0.001038686232554254969263 0.398843216051248228293247
2460161.60000000 0.995467837162727908761894 0.000125768923176251514384 -0.001132887216832242005191 0.095091986638952991084395
2460161.70000000 0.975944055387371611764991 -0.000231447407360506731203 -0.001115594948202256646644 -0.218018124553203740401131
2460161.80000000 0.860368594640739225987147 -0.000565888213413815875825 -0.000988509986935744546302 -0.509671054675451262738761
2460161.90000000 -0.660116303749283983570706 0.000844638706088628957863 0.000764138353668055055057 0.751162544461451031629906
2460162.00000000 -0.394895862861316615521901 0.001040264479140998090528 0.000464560919489619952773 0.918725181720611794311537
2460162.10000000 -0.090810068228283857827421 0.001133511635468893675657 0.000119260432619907610040 0.995867577761394229263203
2460162.20000000 0.222213184988050871382370 0.001115201853404145003815 -0.000237779972782003849729 0.974997435997968397991542
2460162.30000000 0.513366382458256387266715 0.000987135876367587535712 -0.000571421244465062034071 0.858168780836133460176995
2460162.40000000 0.753994448203811562514431 0.000761916477338618787496 -0.000848826718116568821465 0.656879799547606890719464
2460162.50000000 0.920414947588956255941639 0.000461708307513320598790 -0.001042693880615055621042 0.390941202573123369745645
2460162.60000000 0.996248900272449167125899 0.000116056647503472946253 -0.001133941550209361433937 0.086526466546379784960941
2460162.70000000 0.974032785679028734193707 -0.000241020276115943172255 -0.001113587968647292668345 -0.226404139213594007840058
2460162.80000000 0.855953097853555888718802 -0.000574379254850522599947 -0.000983634957666547999830 -0.517052218663811569143718
2460162.90000000 -0.653631149753232110199974 0.000851210856797126442196 0.000756871093450005760946 0.756812409159553944881793
2460163.00000000 -0.386979315628820152994649 0.001044268550474794542485 0.000455613256763371960584 0.922087691705510859030426
2460163.10000000 -0.082241268396456915223958 0.001134550410268326267951 0.000109510379499590986344 0.996611797328847748289604
2460163.20000000 0.230590902594253410740066 0.001113169434937907311886 -0.000247374470559348234779 0.973050119623897868947893
2460163.30000000 0.520728489175643516340131 0.000982228394865837213870 -0.000579916502636267441884 0.853721581948475027878942
2460163.40000000 0.759616371024786185550681 0.000754613077226457765884 -0.000855386186598511570785 0.650370408109186004530500
2460163.50000000 0.923743381105622152205115 0.000452724264262713272083 -0.001046670549746469029359 0.383010267988533270600016
2460163.60000000 0.996956262559641426257429 0.000106273208402355462290 -0.001134941770610286507909 0.077954545447617429321241
2460163.70000000 0.972049458677551658780658 -0.000250642438119694037617 -0.001111510389420610140157 -0.234773404812670727359603
2460163.80000000 0.851474279129821653988586 -0.000582894466993711963393 -0.000978680733138172134072 -0.524395131935771807718538
2460163.90000000 -0.647097641269439249889217 0.000857781464125417412135 0.000749524334848750833915 0.762406286101553032352740
2460164.00000000 -0.379034140378283368466583 0.001048247370205595543555 0.000446593633933083284954 0.925381987159285546162835
2460164.10000000 -0.073666384555117467303198 0.001135544502607253609244 0.000099702520031310062280 0.997282289216207318283125
2460164.20000000 0.238951561416862801046079 0.001111078904797410107572 -0.000257007850899387910865 0.971030818638990322888560
2460164.30000000 0.528052073218891249162255 0.000977256393379927288528 -0.000588429199579764837698 0.849211226191557533304888
2460164.40000000 0.765182098659253573380568 0.000747246004562908882826 -0.000861941533926788056204 0.643812903389664237252532
2460164.50000000 0.927003477605037984332625 0.000443684107638850377432 -0.001050623720033370261939 0.375050998988102790576704
2460164.60000000 0.997589871677241002423386 0.000096446691796649375783 -0.001135903249465243557495 0.069376857441662956316186
2460164.70000000 0.969994221082381091747493 -0.000260290932386349541366 -0.001109384372029739631443 -0.243125302223693579017905
2460164.80000000 0.846932469775456997496121 -0.000591417645498259992795 -0.000973674657352968067787 -0.531699251290042251838486
2460164.90000000 -0.640516261597308234065906 0.000864342222052517580866 0.000742128603741161766913 0.767943761473768193859257
2460165.00000000 -0.371060924837213812477188 0.001052201086621848370381 0.000437533513656502193092 0.928607824377895019196671
2460165.10000000 -0.065086051015535217878494 0.001136502435332685002900 0.000089866936231364823802 0.997879003812087050917512
2460165.20000000 0.247294542972394892910160 0.001108946446317072903262 -0.000266653620829283757171 0.968939682410278280144666
2460165.30000000 0.535336592832331259472767 0.000972242421288922048506 -0.000596938356113558003975 0.844638047203332242851559
2460165.40000000 0.770691219383151326915993 0.000739842402599172528112 -0.000868478783152189584560 0.637207770466548972798648
2460165.50000000 0.930194995915844535794292 0.000434617467535307658820 -0.001054547352279061253610 0.367063984354581096525294
2460165.60000000 0.998149680748925072215627 0.000086606942217215697921 -0.001136828197497586744741 0.060794037054285224308536
2460165.70000000 0.967867224924935043439689 -0.000269937953588927209963 -0.001107220047825609914385 -0.251459213617243548810620
2460165.80000000 0.842328005758873232799999 -0.000599925080632159653943 -0.000968633846912975073756 -0.538964036418163261465963
2460165.90000000 -0.633887497598273674803693 0.000870875215049643253314 0.000734706545569129921072 0.773424425636190182586915
2460166.00000000 -0.363060258821323422750993 0.001056118791699582181581 0.000428459219010890110524 0.931764964730907863099674
2460166.10000000 -0.056500902512049991366361 0.001137420950945142823427 0.000080031538706068624731 0.998401896975115721311056
2460166.20000000 0.255619230095371630095968 0.001106776489199065224844 -0.000276284440141611972210 0.966776865630218584790612
2460166.30000000 0.542581509141815687691235 0.000967198039927697058790 -0.000605419256524416453218 0.840002383289699006141404
2460166.40000000 0.776143325655458071743453 0.000732419877768983470200 -0.000874977635731518516016 0.630555497966015732203005
2460166.50000000 0.933317699955434898484441 0.000425546479478436292382 -0.001058426965057282249233 0.359049814917167753325344
2460166.60000000 0.998635648368502826244253 0.000076778810675506476455 -0.001137708862211464846959 0.052206719211529376001302
2460166.70000000 0.965668627555656078342849 -0.000279557896602610888442 -0.001105016763611440687096 -0.259774522499298277100621
2460166.80000000 0.837661227707017896904063 -0.000608392366619954581136 -0.000963564567669900756686 -0.546188949904636733556629
2460166.90000000 -0.627211839640588242339447 0.000877359033842119184245 0.000727270647990764474919 0.778847873164347559438170
2460167.00000000 -0.355032734185394494019761 0.001059983582958502236482 0.000419388317000029989083 0.934853174677547915649711
2460167.10000000 -0.047911574144093131699673 0.001138288773915613772553 0.000070217488573510664085 0.998850930034536732549100
2460167.20000000 0.263925006965674835424096 0.001104564045114771663955 -0.000285877257646271695519 0.964542528305652013820293
2460167.30000000 0.549786286209105190536661 0.000962124715881690264346 -0.000613848747075117434982 0.835304577385788005194911
2460167.40000000 0.781538014169881001258489 0.000724986031935856032812 -0.000881416570345068799835 0.623856577994425287592151
2460167.50000000 0.936371358730905822831403 0.000416484114589777396943 -0.001062244224900732100791 0.351009083538062982565719
2460167.60000000 0.999047738600423396171379 0.000066979497298801758003 -0.001138531364941432243512 0.043615539170245257172276
2460167.70000000 0.963398591630855949397017 -0.000289130749690667257154 -0.001102765990034954750668 -0.268070613745502228653095
2460167.80000000 0.832932480866566793409334 -0.000616798260654681214724 -0.000958464107964267209537 -0.553373457281270741958679
2460167.90000000 -0.620489781571370691004574 0.000883772826176811433611 0.000719824038562371162908 0.784213702866696005244762
2460168.00000000 -0.346978944784557541414216 0.001063776540144208658523 0.000410329361872738664421 0.937872225777631296494974
2460168.10000000 -0.039318701308433706698153 0.001139090265823977567855 0.000060437964433890283889 0.999226069789859949743516
2460168.20000000 0.272211259160109242394299 0.001102297821768008804708 -0.000295415390789820794630 0.962236835740220675106116
2460168.30000000 0.556950391049316317904072 0.000957016211846982976265 -0.000622207986741621517889 0.830544977040197918150000
2460168.40000000 0.786874885854732863954553 0.000717539994840786575329 -0.000887776051178359461823 0.617111506132060672058515
2460168.50000000 0.939355746354738285752717 0.000407434774426380149487 -0.001065980370637001350964 0.342942385062993126965125
2460168.60000000 0.999385920978129393965617 0.000057218193156504340991 -0.001139279085148694288174 0.035021132471598458157924
2460168.70000000 0.961057285103558145422653 -0.000298643352956900380926 -0.001100454411840621994287 -0.276346873623056876745352
2460168.80000000 0.828142115068656869958375 -0.000625126721022571446226 -0.000953323341707272889876 -0.560517027074374563078152
2460168.90000000 -0.613721820684370200638114 0.000890098932086356097425 0.000712362328004944081981 0.789521517806266337480281
2460169.00000000 -0.338899486433195340495672 0.001067479725943889720674 0.000401282884251742450084 0.940821894703777861224125
2460169.10000000 -0.030722919693777824695635 0.001139808529130498064574 0.000050698235367765033673 0.999527288507596867184191
2460169.20000000 0.280477373671488228179527 0.001099963159693925860566 -0.000304889350998122034189 0.959859958525981604715582
2460169.30000000 0.564073293697357258658087 0.000951861103857694823213 -0.000630484073440025060558 0.825723934367400214107136
2460169.40000000 0.792153545913456103022554 0.000710074311014113001249 -0.000894040786476254156420 0.610320781377900245523449
2460169.50000000 0.942270642068412489500417 0.000398395398993561615768 -0.001069618881339783099740 0.334850316249135415702654
2460169.60000000 0.999650170502122459303962 0.000047496336962047640989 -0.001139935482930553309680 0.026424134913435946836469
2460169.70000000 0.958644881196394349487377 -0.000308089983945420092890 -0.001098066644189569932358 -0.284602689877977599319792
2460169.80000000 0.823290484711145742480198 -0.000633368247648611075104 -0.000948129098018975560724 -0.567619130825813389407131
2460169.90000000 -0.606908457678761115161592 0.000896324826162282024475 0.000704875435898749918943 0.794770925329975175266384
2460170.00000000 -0.330794956831410358333301 0.001071078529272035317552 0.000392242536221912361898 0.943701963265464960350926
2460170.10000000 -0.022124865201927329527720 0.001140427926119137605823 0.000040996058975005778794 0.999754563922024774846875
2460170.20000000 0.288722738999453276687035 0.001097544500635783040060 -0.000314297187746367826054 0.957412072515080869727910
2460170.30000000 0.571154467217443451154679 0.000946644993763047721061 -0.000638671060309251026332 0.820841806037909016424692
2460170.40000000 0.797373603847869372174273 0.000702576728944899562418 -0.000900201295335524153025 0.603484906115872687948354
2460170.50000000 0.945115830245830013112140 0.000389356714388154091788 -0.001073147436473658638059 0.326733475747858104210053
2460170.60000000 0.999840467639519170361950 0.000037808256413923779576 -0.001140486278098148476348 0.017825182513119076921360
2460170.70000000 0.956161558390410837304785 -0.000317472335448913179669 -0.001095587455703141751412 -0.292837451763747314004149
2460170.80000000 0.818377948729954063367131 -0.000641520446491497119308 -0.000942866266464414547362 -0.574679243131988704007540
2460170.90000000 -0.600050196607036179230477 0.000902444199697658550573 0.000697349439103767338236 0.799961537106342435166084
2460171.00000000 -0.322665955559487793724571 0.001074563170128742207662 0.000383196572067527065596 0.946512218408656513801702
2460171.10000000 -0.013525173917550785060437 0.001140935894641580258466 0.000031322713131684010721 0.999907879234045005034659
2460171.20000000 0.296946745153967517349969 0.001095027392840553642772 -0.000323643957916745523152 0.954893358816408355238536
2460171.30000000 0.578193387752937826284949 0.000941352578541222099855 -0.000646769951118122358308 0.815898953242503832683497
2460171.40000000 0.802534673494811889860046 0.000695032208346012150661 -0.000906254428020695384539 0.596604386064314984317036
2460171.50000000 0.947891100414896770054440 0.000380305054177515553925 -0.001076558934536313598060 0.318592464039525902208538
2460171.60000000 0.999956798325203566335517 0.000028142685310698989587 -0.001140920914402839816612 0.009224911398917871527270
2460171.70000000 0.953607500413441999675968 -0.000326798410706191329918 -0.001093003598284214431327 -0.301050550075530054527917
2460171.80000000 0.813404870567163040817604 -0.000649587428563829145413 -0.000937519884796113919107 -0.581696841687945664922665
2460171.90000000 -0.593147544848519503446482 0.000908456929747981380661 0.000689768783758247538453 0.805092969143732184456042
2460172.00000000 -0.314513084000527631811650 0.001077929270611170881403 0.000374130029660093253729 0.949252452241921229614263
2460172.10000000 -0.004924482043651097484815 0.001141324109981372951494 0.000021664979838248361085 0.999987223111455492130517
2460172.20000000 0.305148783730503025957148 0.001092400183835681151331 -0.000332940105882181325899 0.952304003771976548264888
2460172.30000000 0.585189534565206059824050 0.000935969763647140134619 -0.000654787594157889545760 0.810895741663894997763862
2460172.40000000 0.807636373041506261394318 0.000687425297567082925140 -0.000912202890207787346101 0.589679730253785505666997
2460172.50000000 0.950596247263010840633513 0.000371224808814134721747 -0.001079851715041954193786 0.310427883414992333843685
2460172.60000000 0.999999153959995279450368 0.000018485073901995830733 -0.001141233485496813285578 0.000623957835598500836286
2460172.70000000 0.950982896225268770074024 -0.000336080561616957794631 -0.001090305376243883668172 -0.309241377196938282967409
2460172.80000000 0.808371618134601011007589 -0.000657578381598174091863 -0.000932077225123477490915 -0.588671407337433616469013
2460172.90000000 -0.586201013072117582680676 0.000914368323273066340579 0.000682118706986350976582 0.810164841817598180284676
2460173.00000000 -0.306336945313745168117947 0.001081177847400938488165 0.000365027268093122653041 0.951922462044581085827133
2460173.10000000 0.003676574138985604870561 0.001141589227959387189276 0.000012007563865641900758 0.999992589688597055541663
2460173.20000000 0.313328247924800684653945 0.001089655440995981406163 -0.000342199388450821376066 0.949644198951685725162974
2460173.30000000 0.592142390081670466628339 0.000930485619744825112956 -0.000662735140436761520528 0.805832541441755201283570
2460173.40000000 0.812678325063125206462189 0.000679742432751091144733 -0.000918054368125139383210 0.582711450975927580664404
2460173.50000000 0.953231070667689195374805 0.000362100842845588480768 -0.001083029414530552571663 0.302240337882977105898874
2460173.60000000 0.999967531411634968918634 0.000008819894469579458825 -0.001141423310508909733790 -0.007977041883403677285935
2460173.70000000 0.948287939991703243691745 -0.000345333504660263307905 -0.001087487858746221964373 -0.317409327179958733466947
2460173.80000000 0.803278563791392508086631 -0.000665506075790547511027 -0.000926529501249180229526 -0.595602424103064742588742
2460173.90000000 -0.579211115187874603371654 0.000920188223825041786211 0.000674387256250954083073 0.815176779905903869938300
2460174.00000000 -0.298138144373298497047386 0.001084315065163947129981 0.000355874097455567922708 0.954522050286808032559804
2460174.10000000 0.012277358315578645181487 0.001141733265819110674025 0.000002335135117614557243 0.999923978566441440385404
2460174.20000000 0.321484532635243402953762 0.001086790883390837715583 -0.000351437094130590762815 0.946914141120227204062587
2460174.30000000 0.599051439923235728990392 0.000924893745184904975641 -0.000670626659660550046918 0.800709727152606021149950
2460174.40000000 0.817660156551305972172372 0.000671973583345770748149 -0.000923820628776034170546 0.575700063744068679660870
2460174.50000000 0.955795375697962024119647 0.000352920266119525073267 -0.001086100588246675761883 0.294030433164341298279965
2460174.60000000 0.999861933014530412933141 -0.000000867613418271148093 -0.001141495067663034429853 -0.016577451443393967367435
2460174.70000000 0.945522831083795423090521 -0.000354572735206582184513 -0.001084551476707982554937 -0.325553795746826579726729
2460174.80000000 0.798126084322690276806611 -0.000673385545483322551542 -0.000920872851079894590154 -0.602489379216169518294066
2460174.90000000 -0.572178368298390194190972 0.000925930038912620135237 0.000666566560866055585546 0.820128412624181457601935
2460175.00000000 -0.289917287721250860332844 0.001087351658412638068241 0.000346659233700802229400 0.957051024644831382914845
2460175.10000000 0.020877234203834294651303 0.001141763440138534192042 -0.000007366141146058593978 0.999781394812705115349161
2460175.20000000 0.329617034443362544315903 0.001083809633065112949454 -0.000360668542729334858955 0.944114032243593026549888
2460175.30000000 0.605916172956306509078672 0.000919192906391250782322 -0.000678477769417211071766 0.795527677772277730383621
2460175.40000000 0.822581498944059186229083 0.000664113237685166717117 -0.000929516370337369517499 0.568646087252306142723057
2460175.50000000 0.958288972637327707282395 0.000343673701570528032211 -0.001089077863380488774350 0.285798776622839756367256
2460175.60000000 0.999682366569942248979430 -0.000010589974583725002665 -0.001141458318516619689295 -0.025176634595044114495188
2460175.70000000 0.942687774051129023789031 -0.000363812958193466607412 -0.001081501968009525088341 -0.333674180373253026488101
2460175.80000000 0.792914560895982223343026 -0.000681232533713968893031 -0.000915108728634771205826 -0.609331763177360041794373
2460175.90000000 -0.565103292684028035708366 0.000931609323422767318136 0.000658653666185844807908 0.825019373637114750152932
2460176.00000000 -0.281674983537375078768150 0.001090301780715236283290 0.000337375534515796642737 0.959509198011472386191656
2460176.10000000 0.029475565580491795703022 0.001141691399348135306166 -0.000017107045666988549411 0.999564848962517737973599
2460176.20000000 0.337725151709411586242737 0.001080719926077463362984 -0.000369907320101119378893 0.941244079458394167225777
2460176.30000000 0.612736081315656599954877 0.000913387287319208343757 -0.000686303810086153409306 0.790286776660296674812400
2460176.40000000 0.827441988148388318791149 0.000656161204187021831688 -0.000935157503717841355126 0.561550043345607430289590
2460176.50000000 0.960711676996255925509161 0.000334356597986823153319 -0.001091976497427342082669 0.277545977228387419355471
2460176.60000000 0.999428845346900462942585 -0.000020355748795164966294 -0.001141326498685800135482 -0.033773955167874687710583
2460176.70000000 0.939782978617733855131178 -0.000373066086155478444670 -0.001078349922905232419201 -0.341769880304169937357273
2460176.80000000 0.787644379044552755964048 -0.000689061398756804087580 -0.000909244076888924722055 -0.616129069780479987628041
2460176.90000000 -0.557986411743083277059441 0.000937241794735919333745 0.000650651345628983036537 0.829849301102447034494958
2460177.00000000 -0.273411841570801783518618 0.001093181325976099989641 0.000328021396801866222098 0.961896388518555522928466
2460177.10000000 0.038071716354954508731989 0.001141532024209729713829 -0.000026893438267461708223 0.999274357018542391806193
2460177.20000000 0.345808284593183301591779 0.001077534520642653773081 -0.000379163108953541787630 0.938304495065978017009911
2460177.30000000 0.619510660466303764160045 0.000907486574073186657088 -0.000694117574420678512190 0.784987411514957100777679
2460177.40000000 0.832241264576188966017867 0.000648123373754359941717 -0.000940758993749827958364 0.554412456971101530456281
2460177.50000000 0.963063309529390676466676 0.000324970603999885751696 -0.001094812532796645039579 0.269272645505531760257156
2460177.60000000 0.999101388082121122380386 -0.000030167670823953495412 -0.001141115555176436344859 -0.042368777150552004717721
2460177.70000000 0.936808659657007880561252 -0.000382339063556889880401 -0.001075110023908718319061 -0.349840296630508917896663
2460177.80000000 0.782315928634839230504383 -0.000696882818391407607081 -0.000903291230063664593239 -0.622880796158409411056311
2460177.90000000 -0.550828251950749137044738 0.000942841117034216879590 0.000642568662044699380996 0.834617837700900699893225
2460178.00000000 -0.265128473109761730874823 0.001096005977251512074344 0.000318601914752326574251 0.964212419547597066049605
2460178.10000000 0.046665050591528568768585 0.001141301893432061353301 -0.000036724614313700280693 0.998909940452207822936259
2460178.20000000 0.353865835119392513341552 0.001074269688182763037715 -0.000388439705668384483751 0.935295496511177937293269
2460178.30000000 0.626239409222539178401234 0.000901505530905771313224 -0.000701927148684422280885 0.779629974360972477498422
2460178.40000000 0.836978973172608720076937 0.000640011891144207914137 -0.000946332691289851891774 0.547233856139810792562628
2460178.50000000 0.965343696248273430704501 0.000315524301118631192616 -0.001097600775459197297232 0.260979393497460243622754
2460178.60000000 0.998700018981238835102943 -0.000040021425734267977270 -0.001140842206182053186064 -0.050960464714048685219705
2460178.70000000 0.933765037182765711420984 -0.000391632247398575198197 -0.001071799694118198047546 -0.357884832319377566012264
2460178.80000000 0.776929603836298388053194 -0.000704701890645654410207 -0.000897267027858101662643 -0.629586442825228354003286
2460178.90000000 -0.543629342851432384442489 0.000948416846924670037602 0.000634420595076141805892 0.839324630644437075233100
2460179.00000000 -0.256825490933810407501170 0.001098789125922059427276 0.000309129038372316230446 0.966457119746101489532464
2460179.10000000 0.055254932587980129521377 0.001141017304162082919572 -0.000046592624605287661158 0.998471626203263129539778
2460179.20000000 0.361897207202508008894171 0.001070943458318747085189 -0.000397733854786205300036 0.932217306375780596638947
2460179.30000000 0.632921829806690316999607 0.000895462584342299997182 -0.000709734324468407821833 0.774214861506495211074252
2460179.40000000 0.841654763441062825357619 0.000631844179659989254802 -0.000951885411139874286490 0.540014771893858491758067
2460179.50000000 0.967552668442311358809604 0.000306032750897496607072 -0.001100352653265198200200 0.252666834700928044643575
2460179.60000000 0.998224767719300354329448 -0.000049905524069023214759 -0.001140521716875217200435 -0.059548382270662295057129
2460179.70000000 0.930652336338830821205192 -0.000400938684362160788384 -0.001068436945084564075256 -0.365902892250582367772438
2460179.80000000 0.771485803095842581633690 -0.000712516834457728454044 -0.000891190898754995052163 -0.636245513712688448570987
2460179.90000000 -0.536390216983152590124462 0.000953972625876129982220 0.000626226519938873223657 0.843969331730042626737998
2460180.00000000 -0.248503509258188981512205 0.001101539671623043975535 0.000299620589995469425743 0.968630323045820196270483
2460180.10000000 0.063840726886122953209757 0.001140691838427849167173 -0.000056482612382421612844 0.997959446682152417906764
2460180.20000000 0.369901806711816161232775 0.001067573144010579549307 -0.000407034878935495748279 0.929070152357249212649037
2460180.30000000 0.639557427864539840278724 0.000889377517093981029804 -0.000717533519887202748608 0.768742473534529735523790
2460180.40000000 0.846268289471411527813416 0.000623641012297793833653 -0.000957417208012656590667 0.532755738269260703532382
2460180.50000000 0.969690062686296538885244 0.000296516129063396232952 -0.001103073973955280562276 0.244335584050033138847624
2460180.60000000 0.997675669441163148754015 -0.000059801962497598968335 -0.001140165322167009057802 -0.068131894524825861725326
2460180.70000000 0.927470787377100314152756 -0.000410243984393830632505 -0.001065037686900216626004 -0.373893883282807093504374
2460180.80000000 0.765984929118596058472690 -0.000720318066038548934782 -0.000885082299115389934882 -0.642857516199193290695746
2460180.90000000 -0.529111409857132453105066 0.000959504524668424395827 0.000618008012334600323814 0.848551597356153819440294
2460181.00000000 -0.240163143705859977172778 0.001104259770853172105756 0.000290098642974884516309 0.970731868673366693478499
2460181.10000000 0.072421798350769020502504 0.001140333710358932368598 -0.000066373703019523207529 0.997373439769103198315747
2460181.20000000 0.377879041495597589594979 0.001064172521561204329266 -0.000416324744865312747297 0.925854267262680719063894
2460181.30000000 0.646145712522796733523478 0.000883268732032059522563 -0.000725311004847185337996 0.763213215260392097150088
2460181.40000000 0.850819209978431190144477 0.000615424104128325369020 -0.000962919819365400738061 0.525457292241522488929206
2460181.50000000 0.971755720862843452856339 0.000286997861586985503115 -0.001105762712834443099730 0.235986257843583985271962
2460181.60000000 0.997052764762884069504878 -0.000069687376221052872282 -0.001139777542329368066956 -0.076710366503908833379910
2460181.70000000 0.924220625652450999965026 -0.000419526654245191044264 -0.001061612793333353843561 -0.381857214274982093016320
2460181.80000000 0.760427388829935546610272 -0.000728087673194885345168 -0.000878957768254150380825 -0.649421961161053440392266
2460181.90000000 -0.521793459922873847922631 0.000964999685500729335874 0.000609786133450385689839 0.853071088548731815137671
2460182.00000000 -0.231805011261966953384217 0.001106942736688929992961 0.000280587258466220271138 0.972761601165486600173438
2460182.10000000 0.080997512206144053892309 0.001139943067446084557295 -0.000076240626133584286353 0.996713648814561481437124
2460182.20000000 0.385828321440245369799982 0.001060748720499962239119 -0.000425578898746185570537 0.922569888988876596336297
2460182.30000000 0.652686196414122732356589 0.000877149948809561653441 -0.000733044854942939004723 0.757627495714793486314420
2460182.40000000 0.855307188306356991347457 0.000607212852346044750125 -0.000968375699378759926574 0.518119973724288307437291
2460182.50000000 0.973749490169532161409904 0.000277501651024188698575 -0.001108407146954957372964 0.227619473728943699786242
2460182.60000000 0.996356099770680070371043 -0.000079535489658813092960 -0.001139353496997620642656 -0.085283163620519866765513
2460182.70000000 0.920902091602237460321589 -0.000428759807409356407011 -0.001058164734078504472942 -0.389792296145829941789174
2460182.80000000 0.754813593350442180174298 -0.000735800199309533499784 -0.000872827073474012312196 -0.655938363006579816527619
2460182.90000000 -0.514436908535087833449495 0.000970436041699552966872 0.000601577332809187493266 0.857527470985619211241158
2460183.00000000 -0.223429730213134503102879 0.001109571617256142200825 0.000271108432249692250272 0.974719370386966765806847
2460183.10000000 0.089567234050823785196371 0.001139509425715112605690 -0.000086057411465921359217 0.995980122641273446504329
2460183.20000000 0.393749058502656790192731 0.001057298599126757672473 -0.000434769283708689947745 0.919217260512009581852055
2460183.30000000 0.659178395720992793549442 0.000871025695014050532414 -0.000740706985553956850921 0.751985728110238560439882
2460183.40000000 0.859731892470849912157860 0.000599019208665174337537 -0.000973758807816296517897 0.510744325507189400603636
2460183.50000000 0.975671223136533094510980 0.000268046076241296399399 -0.001110985208566717162906 0.219235850640502105690643
2460183.60000000 0.995585726021135153374075 -0.000089322382460642755684 -0.001138876730938701313176 -0.093849651698464708893255
2460183.70000000 0.917515430736721038229575 -0.000437915856939745926947 -0.001054683899046896444415 -0.397698541902246460733039
2460183.80000000 0.749143957990527575852013 -0.000743426328019609027054 -0.000866688189126707466022 -0.662406239685698117192203
2460183.90000000 -0.507042299915795191544987 0.000975784603803191955169 0.000593387368107319273375 0.861920415021870001126558
2460184.00000000 -0.215037920140333460583548 0.001112119777567612682878 0.000261675357734450736262 0.976605031533712697466854
2460184.10000000 0.098130329937869062439937 0.001139010362463288746071 -0.000095804291045929577822 0.995172915539237923354676
2460184.20000000 0.401640666750471220236562 0.001053805510686277443697 -0.000443870864076517494552 0.915796629871733713912363
2460184.30000000 0.665621830187629548447603 0.000864886269490990869553 -0.000748268750335884962922 0.746288329831484409382369
2460184.40000000 0.864092995173607603121013 0.000590841122984842839934 -0.000979038779832710343021 0.503330893231554554745344
2460184.50000000 0.977520777630137227554030 0.000258636941601192275626 -0.001113466815813198918309 0.210836008783110179232168
2460184.60000000 0.994741700537337458776221 -0.000099034699971322699046 -0.001138319428208875308886 -0.102409197012491862133210
2460184.70000000 0.914060893623718895284469 -0.000446974684671174078698 -0.001051146580085534926879 -0.405575366672942916324018
2460184.80000000 0.743418902197244380047891 -0.000750940395021785318461 -0.000860523105016744623008 -0.668825112749010020074536
2460184.90000000 -0.499610181106558526309414 0.000981015734531439156929 0.000585205171651795525226 0.866249595715487763492035
2460185.00000000 -0.206630201860035306316021 0.001114555443507632892172 0.000252284735124192068499 0.978418445143740656000375
2460185.10000000 0.106686166388411579619699 0.001138413959886930585871 -0.000105476441259973904266 0.994292087260765566902876
2460185.20000000 0.409502562383009194313388 0.001050239429430980912794 -0.000452870833231849639292 0.912308250158071376567648
2460185.30000000 0.672016023158047093311040 0.000858705498900718669150 -0.000755709996496060605956 0.740535722396616580276429
2460185.40000000 0.868390173822952249338414 0.000582658042617371983544 -0.000984189223987228401641 0.495880225345253999869044
2460185.50000000 0.979298016858459852151952 0.000249260780981897542372 -0.001115820864968493971586 0.202420569581222259403219
2460185.60000000 0.993824085796509826273848 -0.000108677756609715353542 -0.001137647640892861444425 -0.110961166348282652682755
2460185.70000000 0.910538735863899217903850 -0.000455932869410198332496 -0.001047518094339594616621 -0.413422187747603697705046
2460185.80000000 0.737638849542338492781823 -0.000758330197810290051325 -0.000854298633171416961322 -0.675194507349086037173436
2460185.90000000 -0.492141101969160332796349 0.000986108970108938356208 0.000577001265203385240235 0.870514692817279445158363
2460186.00000000 -0.198207197394681428059826 0.001116850969463456088454 0.000242912852186346521835 0.980159477094336595293100
2460186.10000000 0.115234110433330594336354 0.001137686985968626570895 -0.000115090053588442857695 0.993337703006832106744639
2460186.20000000 0.417334163786652723171500 0.001046563567314064569641 -0.000461776541192684747070 0.908752379475950111675786
2460186.30000000 0.678360501613256228203852 0.000852445387857123223693 -0.000763028457313316894363 0.734728331408829982152042
2460186.40000000 0.872623110527790957213767 0.000574433285052674776940 -0.000989198107123537197921 0.488392873090766399535312
2460186.50000000 0.981002809368915817955781 0.000239884747896317951452 -0.001118026072465546413154 0.193990155634103406123714
2460186.60000000 0.992832949718033597186206 -0.000118278215453409326491 -0.001136832010266341326174 -0.119504926999186036895573
2460186.70000000 0.906949218063155426783339 -0.000464808895143127955366 -0.001043762786590413408835 -0.421238424607900563412244
2460186.80000000 0.731804227663426343220010 -0.000765604555752891972713 -0.000847975099693741812650 -0.681513952286513013945068
2460186.90000000 -0.484635615099307914821480 0.000991062617324471508556 0.000568734585950749719357 0.874715390805901993331872
2460187.00000000 -0.189769529895451677381502 0.001118994023433923313063 0.000233520058186064609438 0.981827998604469343035817
2460187.10000000 0.123773529670508627975600 0.001136807097259992906449 -0.000124680595378940978386 0.992309833407350905254418
2460187.20000000 0.425134891557016725283091 0.001042746925023477081243 -0.000470616736106796917580 0.905129280920200174342938
2460187.30000000 0.684654796170399260191175 0.000846068282381204198918 -0.000770244055125793910394 0.728866586538835514730295
2460187.40000000 0.876791492130930882886730 0.000566125053496158788142 -0.000994075013850340225702 0.480869390420783027195739
2460187.50000000 0.982635029047816965785955 0.000230465747661117516297 -0.001120080890768221197618 0.185545390651921410229974
2460187.60000000 0.991768365639313254078502 -0.000127877497642616983625 -0.001135859848969600262997 -0.128039846870113493970678
2460187.70000000 0.903292605793217018295138 -0.000473639630714856464232 -0.001039857617791684280331 -0.429023498984041573578452
2460187.80000000 0.725915468241902006596433 -0.000772793213272651735059 -0.000841520645309976359980 -0.687782980016324319016974
2460187.90000000 -0.477094275790240107681939 0.000995897222098492303222 0.000560366618930959294390 0.878851378895039947458656
2460188.00000000 -0.181317823628578650430043 0.001120994529954234732866 0.000224063821065667481258 0.983423886226537313781648
2460188.10000000 0.132303792315745377683456 0.001135772928092860546700 -0.000134291698193092376651 0.991208554505112693355784
2460188.20000000 0.432904168561552782357182 0.001038776976456412190486 -0.000479433167402078936042 0.901439222536847162281504
2460188.30000000 0.690898441143409924869445 0.000839551407677037323310 -0.000777393829204541214443 0.722950921458166084754282
2460188.40000000 0.880895010236327991037797 0.000557701942635275898716 -0.000998849801812763541178 0.473310333933149474106017
2460188.50000000 0.984194555121536862607456 0.000220965941904473521171 -0.001122006053420494418524 0.177086899417294524328170
