2460707.50000000 -0.413640385799641185915476 0.001103048807944691754590 0.000521106746883259579206 0.910439532844543930600878
2460707.60000000 -0.111199363392055050603346 0.001210724504026986858909 0.000153569282946495626113 0.993797369760808568805999
2460707.70000000 0.202185816697789733087376 0.001199248953444635289872 -0.000229085267742281463487 0.979346417182282991120701
2460707.80000000 0.495672019539468822202366 0.001069749961228230739074 -0.000589198212083326031650 0.868508927717897560860649
2460707.90000000 0.740374556547175766141322 0.000834970682689008714301 -0.000891328712916737405172 0.672193442674075214426921
2460708.00000000 0.912209986681119966434039 0.000518015706720952625979 -0.001105741764428622110270 0.409721184702100005292635
2460708.10000000 0.994266396185305323385251 0.000150077372991854314727 -0.001211334707379772921559 0.106924475969459947810591
2460708.20000000 0.978467854969058192793341 -0.000232633923374310654358 -0.001197714228123757844793 -0.206395659242081780382350
2460708.30000000 0.866369244306642194430879 -0.000592453348155602492996 -0.001066219422024862950246 -0.499402487673269945833709
2460708.40000000 -0.669003224094620652095955 0.000893968464520492251714 0.000829790204679195638957 0.743258500401425714620984
2460708.50000000 -0.405794409864458027747958 0.001107504451497748516886 0.000511694006692369677929 0.913963570677450265478114
2460708.60000000 -0.102647615101028211181955 0.001212044726152681833539 0.000143236030522546223601 0.994717033907001169090734
2460708.70000000 0.210601680714643579861445 0.001197299490903539582673 -0.000239321593718533044909 0.977571194992420289260338
2460708.80000000 0.503123716278903065912687 0.001064718616553651103773 -0.000598328561460830269866 0.864213535241401875630629
2460708.90000000 0.746128695624302284983287 0.000827349145647339467846 -0.000898451845795570063630 0.665800629199933213797635
2460709.00000000 0.915700250063760545771174 0.000508551425910402530792 -0.001110153142790365043274 0.401860126123754879401417
2460709.10000000 0.995149274781097492592608 0.000139700193032913825382 -0.001212596093337459535882 0.098368851761501285846379
2460709.20000000 0.976656456535779149419341 -0.000242903154875120041133 -0.001195697118850446750982 -0.214803810983580534266224
2460709.30000000 0.862041845330922984480537 -0.000601603218763502572280 -0.001061118022519809368440 -0.506835642985080658817765
2460709.40000000 -0.662585723922688663023450 0.000901096597662759337018 0.000822102635750707514371 0.748985093727109085826044
2460709.50000000 -0.397918414035982992427165 0.001111906462078199450336 0.000502173572403330969668 0.917419995016676703691871
2460709.60000000 -0.094088273209330247626170 0.001213283764031614564080 0.000132817318431544261230 0.995563110579236187902552
2460709.70000000 0.219001964683808419964706 0.001195249509925613027109 -0.000249614524635693611418 0.975723653774707933017396
2460709.80000000 0.510538192702128412747697 0.001059577088317983266721 -0.000607482881342906108624 0.859854209766352406418832
2460709.90000000 0.751827637309465446335821 0.000819617942084766991535 -0.000905565637405477026622 0.659358560992696074443131
2460710.00000000 0.919122771458845466696630 0.000498987727503845792179 -0.001114524255359998104395 0.393969338695707160802328
2460710.10000000 0.995958533908328003114718 0.000129242231166496731936 -0.001213791413047004457207 0.089805950480332089047586
2460710.20000000 0.974772806725205498423747 -0.000253228232189028022985 -0.001193595423730939644735 -0.223196071816076785365723
2460710.30000000 0.857650673997001899984127 -0.000610780303992634020227 -0.001055922184882086573704 -0.514231303372108206062308
2460710.40000000 -0.656119206833635448816722 0.000908222475465994679919 0.000814319949213132229272 0.754656278340244179858587
2460710.50000000 -0.390012980949727694479634 0.001116278729621754135098 0.000492566117175820099294 0.920808550129024627750596
2460710.60000000 -0.085521970897915730591698 0.001214470063553419517527 0.000122327227992846833795 0.996335537151968320124240
2460710.70000000 0.227386047182544570599561 0.001193130249166981246903 -0.000259957559002312759734 0.973803930166955211689128
2460710.80000000 0.517914900301010838745697 0.001054357429500270325676 -0.000616662779823169064468 0.855431273746259046575346
2460710.90000000 0.757470959993069792304254 0.000811807861526038770233 -0.000912679827482172308963 0.652867714587037406559489
2460711.00000000 0.922477297650521221861197 0.000489352089331380698568 -0.001118872467105383374658 0.386049406135949846330391
2460711.10000000 0.996694113669996273330298 0.000118725769565824896255 -0.001214944633837925641595 0.081236405564008865032299
2460711.20000000 0.972817044850801893041137 -0.000263593656305383854457 -0.001191438220169372492682 -0.231571820912516074253418
2460711.30000000 0.853196055112096618522344 -0.000619977059156327152227 -0.001050664216944453051988 -0.521588921732267563058372
2460711.40000000 -0.649604151168959864648400 0.000915347164369928966397 0.000806475530529013480939 0.760271634693970965734877
2460711.50000000 -0.382078695386203870398845 0.001120631007478346038292 0.000482903818594511207926 0.924128985327058116716614
2460711.60000000 -0.076949341857714778636357 0.001215621531806185089131 0.000111794468880805798337 0.997034256459427892238523
2460711.70000000 0.235753307994110372636243 0.001190966643463371027467 -0.000270327525093766918209 0.971812166157097645502461
2460711.80000000 0.525253293374025820305917 0.001049089945667369509763 -0.000625852344635948235584 0.850945054347452822796072
2460711.90000000 0.763058246193455746997358 0.000803952497724789690373 -0.000919786997137995673314 0.646328570131193935743852
2460712.00000000 0.925763580478197289913567 0.000479679028287722370155 -0.001123199491694644924430 0.378100914295000867237917
2460712.10000000 0.997355959634920741230246 0.000108183771632530093161 -0.001216066581585655958370 0.072660850935689746954438
2460712.20000000 0.970789315572150979249955 -0.000273970420003492171057 -0.001189244751560305200788 -0.239930438685291985700943
2460712.30000000 0.848678318190192793046833 -0.000629170576279956773533 -0.001045370448881470081676 -0.528907953786285189856642
2460712.40000000 -0.643041038866182135258498 0.000922455569228298804738 0.000798600920115695336703 0.765830747388483668025572
2460712.50000000 -0.374116144275725703849389 0.001124957158024345559022 0.000473221141198690992136 0.927381054974170671023614
2460712.60000000 -0.068371020237604052116609 0.001216741468227417041423 0.000101253905919709841221 0.997659216806604187688379
2460712.70000000 0.244103128162786869870260 0.001188771199610963750712 -0.000280691725547175358838 0.969748509076432618769559
2460712.80000000 0.532552829074535272191326 0.001043795424789592096032 -0.000635023457902314340806 0.846395883426038442287620
2460712.90000000 0.768589082608416962472120 0.000796079366341881627250 -0.000926865675602273801983 0.639741611334003312805407
2460713.00000000 0.928981376839329575645365 0.000470000727250479333110 -0.001127492066943419244882 0.370124451159683676149115
2460713.10000000 0.997944022844482026002311 0.000097650681206293971082 -0.001217153137145906508648 0.064079920967563111511289
2460713.20000000 0.968689768888883251385380 -0.000284324381619243120485 -0.001187020279059041285089 -0.248271306824078746844364
2460713.30000000 0.844097797430042651178894 -0.000638329535529656190429 -0.001040055048673855543628 -0.536187858118928439843387
2460713.40000000 -0.636430355421273352689582 0.000929521473281835807281 0.000790718052123686484904 0.771333205205481875488260
2460713.50000000 -0.366125916638620929610681 0.001129237936791409584875 0.000463546073898884634576 0.930564518511128757616291
2460713.60000000 -0.059787640605963796036626 0.001217818919831244444535 0.000090737440926497349046 0.998210371972871990386977
2460713.70000000 0.252434890024709257527746 0.001186541933355697575614 -0.000291016746027512667686 0.967613111592302121977127
2460713.80000000 0.539812967432308776771777 0.001038480847351595619255 -0.000644143663094708823248 0.841784097514265972073133
2460713.90000000 0.774063060100839361865610 0.000788203742437625391390 -0.000933886714872981865340 0.633107325480609217649430
2460714.00000000 0.932130448714562631629121 0.000460339486061768510001 -0.001131726409377124429809 0.362120606789617882625976
2460714.10000000 0.998458259815624304955861 0.000087154064591256848768 -0.001218187495614954374279 0.055494250413915126307618
2460714.20000000 0.966518560134881354883873 -0.000294624810117306303557 -0.001184756039918995543236 -0.256593808311447957315465
2460714.30000000 0.839454831688635771946849 -0.000647422320118509861571 -0.001034717745986647556566 -0.543428096216636680182432
2460714.40000000 -0.629772589875418065119561 0.000936514656348029148059 0.000782834971388892222367 0.776778601115363120932500
2460714.50000000 -0.358108603563125071911344 0.001133446638742321597657 0.000453894205319830027715 0.933679140461239343018462
2460714.60000000 -0.051199837916785340130588 0.001218832502986230996098 0.000080266916987421481496 0.998687681210446931423519
2460714.70000000 0.260747977237334005451430 0.001184264157220255887781 -0.000301276185164769917061 0.965406131696568858835406
2460714.80000000 0.547033171389669892192842 0.001033139082594089529568 -0.000653183967808019594684 0.837110037792646255461193
2460714.90000000 0.779479773753743665487548 0.000780326356371478899350 -0.000940820620522692888793 0.626426203359645494828101
2460715.00000000 0.935210563178153542196469 0.000450703643922937971858 -0.001135874582287639371347 0.354089973276232761190130
2460715.10000000 0.998898632534687802575490 0.000076709099502551801055 -0.001219145166554094338734 0.046904474421534614325680
2460715.20000000 0.964275849954239205885642 -0.000304850905108847635913 -0.001182432584035043605236 -0.264897327494572287776009
2460715.30000000 0.834749764463086463273100 -0.000656424068555895839222 -0.001029345333342205053712 -0.550628132485029508913499
2460715.40000000 -0.623068234768857198702108 0.000943407985135611922879 0.000774945457362004362992 0.782166532307772333076912
2460715.50000000 -0.350064798155676926150193 0.001137555748134100623223 0.000444266555506295387178 0.936724690443236807091409
2460715.60000000 -0.042608247482291729257842 0.001219756180745127207080 0.000069850358742423168386 0.999091109239756525184362
2460715.70000000 0.269041774832171398657010 0.001181915025730768172701 -0.000311455707018335999428 0.963127732685024384728933
2460715.80000000 0.554212906831771379145835 0.001027751934890942147119 -0.000662124815327077382784 0.832374050062390735682527
2460715.90000000 0.784838822874684094443865 0.000772434781034969457879 -0.000947644020646904632413 0.619698739246286378623552
2460716.00000000 0.938221492395783340789706 0.000441087260070966227787 -0.001139911020836867133407 0.346033144729126940219999
2460716.10000000 0.999265108455256623187779 0.000066316613866736529611 -0.001220000123184962611753 0.038311228450199102946172
2460716.20000000 0.961961804290461075517271 -0.000314995230465035227965 -0.001180025151447469059646 -0.273181250096914518543656
2460716.30000000 0.829982943854197796618166 -0.000665321320796924691073 -0.001023915936437110821983 -0.557787434292232431332081
2460716.40000000 -0.616317786095436304094619 0.000950182940183538706121 0.000767031931592315708787 0.787496600218856368513798
2460716.50000000 -0.341995095495116974149141 0.001141542965751863409826 0.000434650958730205109505 0.939700943180911685281842
2460716.60000000 -0.034013504899396626579566 0.001220565386331558385344 0.000059481770228534478070 0.999420626246110721524474
2460716.70000000 0.277315669246504803435727 0.001179469353549638180323 -0.000321554785483190688940 0.960778083141237915221211
2460716.80000000 0.561351642618685642283083 0.001022295282491071221481 -0.000670959230922649977474 0.827576484715982885198571
2460716.90000000 0.790139811028172767137789 0.000764507567462973085942 -0.000954343986822201611510 0.612925430850721375541923
2460717.00000000 0.941163013646365786968317 0.000431472991894378337611 -0.001143817729575213491475 0.337950717199650640942821
2460717.10000000 0.999557660493374577903580 0.000055964535875496633944 -0.001220730527309536479069 0.029715148217962485122090
2460717.20000000 0.959576594361911672237397 -0.000325063770232296726705 -0.001177509546838402011704 -0.281444963282754312405842
2460717.30000000 0.825154722536430185186873 -0.000674113561834354594986 -0.001018404655227462011699 -0.564905472002335651282579
2460717.40000000 -0.609521743276989158566437 0.000956832535068960292855 0.000759070500592224392360 0.792768410543396528922244
2460717.50000000 -0.333900092597854192266738 0.001145395305456473923622 0.000425026183422639767476 0.942607678509512214581889
2460717.60000000 -0.025416246010169923907895 0.001221242024902728087396 0.000049144066760726479669 0.999676207874920397244978
2460717.70000000 0.285569048377132095328790 0.001176905192996491409524 -0.000331585149991534780967 0.958357356915496949589794
2460717.80000000 0.568448850630949076290221 0.001016744863776107912767 -0.000679692747161722002000 0.822717696700084655248020
2460717.90000000 0.795382346052103894606944 0.000756519857384698162645 -0.000960919446498481599761 0.606106779288621777546098
2460718.00000000 0.944034909327814197865791 0.000421837159312091344258 -0.001147587093038151878285 0.329843288649795229883210
2460718.10000000 0.999776267023204989747853 0.000045632067478683976253 -0.001221322756525455724766 0.021116869683675078273044
2460718.20000000 0.957120396648122206961773 -0.000335072934357052076501 -0.001174867118505786142343 -0.289687855688057882552755
2460718.30000000 0.820265457714789869569927 -0.000682811620152552322532 -0.001012789161501102472296 -0.571981719031156798926929
2460718.40000000 -0.602680609101753028689075 0.000963361229632052557328 0.000751036790777962924223 0.797981573277902089813551
2460718.50000000 -0.325780388342903015619356 0.001149110541434727409543 0.000415367599650924438151 0.945444681398906805469551
2460718.60000000 -0.016817106859876047170177 0.001221777366317496798034 0.000038814174163946859729 0.999857835229611136007577
2460718.70000000 0.293801301621365584804124 0.001174207978634829018655 -0.000341566622448264767611 0.955865733109560244962211
2460718.80000000 0.575504005814244323779860 0.001011081385292952970062 -0.000688340483729492835438 0.817798045481310076354475
2460718.90000000 0.800566040103247944514919 0.000748449090151625954018 -0.000967379726122488399313 0.599243289018149383196032
2460719.00000000 0.946836966984257677459880 0.000412155635439794790654 -0.001151221996620964372823 0.321711458868520483456166
2460719.10000000 0.999920911877667961675797 0.000035295323992212731114 -0.001221773099350957365178 0.012517028965372638954490
2460719.20000000 0.954593392864799827890465 -0.000345044590577613368571 -0.001172087903541774427801 -0.297909317498910697352699
2460719.30000000 0.815315511114693025618294 -0.000691433742893670278025 -0.001007054056652575491429 -0.579015651858196256362987
2460719.40000000 -0.595794889694742035857189 0.000969782340578491711645 0.000742911185433238170986 0.803135702741619605937728
2460719.50000000 -0.317636583446591846957574 0.001152696141403930811184 0.000405652892412355328862 0.948211741961323517635662
2460719.60000000 -0.008216723628785204888714 0.001222172566944063846345 0.000028468778996701518306 0.999965494872801508030591
2460719.70000000 0.302011819950249615907012 0.001171372576737648042028 -0.000351521769023196615188 0.953303396054314355900772
2460719.80000000 0.582516586214563703016722 0.001005293916758337848319 -0.000696922602801455120559 0.812817895021654246434650
2460719.90000000 0.805690509682795430457247 0.000740279456596156871032 -0.000973741140758637682869 0.592335467806090809617103
2460720.00000000 0.949568979306638638604454 0.000402408994203253185008 -0.001154733783229011830074 0.313555829470694547023157
2460720.10000000 0.999991584349883666504866 0.000024932764526996934726 -0.001222087196425017917301 0.003916262287512416000179
2460720.20000000 0.951995769957134863048509 -0.000355000771466079450764 -0.001169171549227924740769 -0.306108740475799445679428
2460720.30000000 0.810305248932614019530263 -0.000700000834597780635486 -0.001001193151862718629108 -0.586006750100057094421402
2460720.40000000 -0.588865094459215976385735 0.000976114147786426582416 0.000734682240544109002069 0.808230417622464836213680
2460720.50000000 -0.309469280390554379867041 0.001156166493254935515381 0.000395866311798895385409 0.950908655478049813503105
2460720.60000000 0.000384267426283230488157 0.001222437170105615837287 0.000018089062843453394873 0.999999178828837376187266
2460720.70000000 0.310199995937517736255273 0.001168403107578237917416 -0.000361471049313542977174 0.950670535302761465779042
2460720.80000000 0.589486073019006906470452 0.000999380981310856375197 -0.000705459696088727751528 0.807777613752925449652764
2460720.90000000 0.810755375664667821133946 0.000732004113484457149402 -0.000980022933394001727683 0.585383826694369613363733
2460721.00000000 0.952230744166614573309460 0.000392585633655907783636 -0.001158138998537723389493 0.305377003806923230655457
2460721.10000000 0.999988279196423968109286 0.000014528959786259079175 -0.001222277771073156625581 -0.004684794060337696582075
2460721.20000000 0.949327720083860349120641 -0.000364959552431183466975 -0.001166126127977576854705 -0.314285518015663456470321
2460721.30000000 0.805235041815226315620180 -0.000708532274303207425421 -0.000995209386954135121275 -0.592954496544708442584692
2460721.40000000 -0.581891736053792962835018 0.000982375927336354799399 0.000726347653978439236101 0.813265340997882391071983
2460721.50000000 -0.301279083392160917931335 0.001159539398487931033052 0.000386000576218061930249 0.953535222412856930951364
2460721.60000000 0.008985229997817867353405 0.001222586260534888049842 0.000007663373404533653472 0.999958884587585528080922
2460721.70000000 0.318365223813080966408506 0.001165310910240394907250 -0.000371429579829806182263 0.947967345617248047240366
2460721.80000000 0.596411950627871334518204 0.000993349424806654621514 -0.000713969207975551664429 0.802677574529530590830007
2460721.90000000 0.815760263337101165781462 0.000723624995121678713135 -0.000986243592603183900913 0.578388879950250456296601
2460722.00000000 0.954822064629584188466538 0.000382682512243599987686 -0.001161455836029027946857 0.297175586935659374887564
2460722.10000000 0.999910996641659388650680 0.000004076182332164159966 -0.001222361421304827546960 -0.013285503779565787513262
2460722.20000000 0.946589440606915633047436 -0.000374932726828970728887 -0.001162965471952762423410 -0.322439045197477236470718
2460722.30000000 0.800105264833932294799013 -0.000717043018487534852649 -0.000989112869250609316740 -0.599858377193753455891567
2460722.40000000 -0.574875330355222535771986 0.000988584679847497775976 0.000717913126686794337943 0.818240100367569000994195
2460722.50000000 -0.293066598340236739161924 0.001162832648351268217610 0.000376056622190704603267 0.956091248437382246194716
2460722.60000000 0.017585527799405940851951 0.001222637122720444426138 -0.000002812128885105736606 0.999844615108881562548504
2460722.70000000 0.326506899519489246497272 0.001162111514580401469901 -0.000381405643584154852889 0.945194026955494925879009
2460722.80000000 0.603293706653155847874359 0.000987211913364972838345 -0.000722463214662219218101 0.797518154634546672099304
2460722.90000000 0.820704802427429602751374 0.000715151012235993384543 -0.000992418069346461201655 0.571351145039059704622275
2460723.00000000 0.957342748972436097254501 0.000372704173641486566707 -0.001164701003146214599790 0.288952185582136700237044
2460723.10000000 0.999759742381934102262164 -0.000006425681066043147732 -0.001222355375243367467744 -0.021885230593016280487006
2460723.20000000 0.943781134078478189941563 -0.000384925014560749407643 -0.001159706066696564868979 -0.330568718834260977246231
2460723.30000000 0.794916297463497012465439 -0.000725542009631799508437 -0.000982918142290475135153 -0.606717881298297068148884
2460723.40000000 -0.567816396401900513879468 0.000994752882715983213421 0.000709390210487371086420 0.823154327698567112037153
2460723.50000000 -0.284832432778006072737753 0.001166061315479384290217 0.000366042184293958636990 0.958576544440512212652550
2460723.60000000 0.026184524591162258722044 0.001222606302025241184830 -0.000013334070280517384377 0.999656378826054847763771
2460723.70000000 0.334624420748926953983471 0.001158821714803598239285 -0.000391400451880349626449 0.942350784461908341782532
2460723.80000000 0.610130831987844457486858 0.000980984252872697456982 -0.000730947402703494160912 0.792299735733300924955813
2460723.90000000 0.825588627138313047026941 0.000706595820473493582345 -0.000998556090558588025155 0.564271142579033324615523
2460724.00000000 0.959792610703852799858282 0.000362661119530569974346 -0.001167887538819157309047 0.280707408084495735334229
2460724.10000000 0.999534527587716770113957 -0.000016970056443148534027 -0.001222275013929043996699 -0.030483338325391920453633
2460724.20000000 0.940903008231805615402266 -0.000394934257191668295749 -0.001156364492833383914722 -0.338673937509279543434104
2460724.30000000 0.789668523561302015956187 -0.000734031670495710717068 -0.000976641752310174974389 -0.613532501392022422415096
2460724.40000000 -0.560715456386536637012341 0.001000887369314743501059 0.000700794179975765220078 0.828007659433609100041451
2460724.50000000 -0.276577195835996103578935 0.001169236146278382782598 0.000355970114391692348497 0.960990926551980484404680
2460724.60000000 0.034781584252075406493709 0.001222507665785809360601 -0.000023893001906086169204 0.999394189647258235353888
2460724.70000000 0.342717186983480415207737 0.001155457466536216051475 -0.000401408694162813022097 0.939437828456381018860100
2460724.80000000 0.616922820838308405555495 0.000974683286453324987213 -0.000739421032213916410401 0.787022703851275706732338
2460724.90000000 0.830411376166538373055914 0.000697975867945877805586 -0.001004661578777042360566 0.557149396317983325310763
2460725.00000000 0.962171468574925525807373 0.000352568133541816971198 -0.001171023765733422618979 0.272441864365681130077945
2460725.10000000 0.999235368904808796131078 -0.000027544984460598045576 -0.001222132456404919839676 -0.039079190918647727093216
2460725.20000000 0.937955275967987001095594 -0.000404952278441725495306 -0.001152955759260299592808 -0.346754101619710930481943
2460725.30000000 0.784362331321153738450391 -0.000742508286766064358637 -0.000970300452187026758570 -0.620301733354307160972496
2460725.40000000 -0.553573035608199148782660 0.001006989226602822461512 0.000692142230947398332322 0.832799736526647405021606
2460725.50000000 -0.268301498199295773705586 0.001172362993979199005667 0.000345856694119569348014 0.963334216153354239153828
2460725.60000000 0.043376070805381999884176 0.001222351418189063449252 -0.000034474862242454663657 0.999058066955887058568919
2460725.70000000 0.350784599547032283073378 0.001152032554086978655486 -0.000411419677504643531950 0.936455374417316299684444
2460725.80000000 0.623669170747308765356820 0.000968325306939511591155 -0.000747877673016180961711 0.781687449358042907299193
2460725.90000000 0.835172692729177601478341 0.000689308665025425049318 -0.001010732927799733605473 0.549986433097681914894395
2460726.00000000 0.964479146599898973235554 0.000342442535267463476004 -0.001174113077001748576753 0.264156165866236358752417
2460726.10000000 0.998862288454413715932390 -0.000038134747187020335884 -0.001221935862777044634608 -0.047672152476605861304293
2460726.20000000 0.934938155339814724875680 -0.000414966257971771885008 -0.001149492165546947032573 -0.354808613424412000458830
2460726.30000000 0.778998113266988645442268 -0.000750963006197466801349 -0.000963909704688195373076 -0.627025076419233329261260
2460726.40000000 -0.546389662428788613901531 0.001013054322463739298846 0.000683451741712177854651 0.837530204473317385627240
2460726.50000000 -0.260005952078393332005390 0.001175442812988089459278 0.000335719800316645260001 0.965606239887587758374821
2460726.60000000 0.051967348456042436466440 0.001222143546193348983414 -0.000045062744294930629678 0.998648035610445683474268
2460726.70000000 0.358826061646396965443273 0.001148557523854520012394 -0.000421418860697187088165 0.933403642967337354718893
2460726.80000000 0.630369382646675857628793 0.000961924565468318831275 -0.000756306354662478414266 0.776294366927199663841463
2460726.90000000 0.839872224606067363517070 0.000680611002005580834062 -0.001016763649374276962112 0.542782782791707218983390
2460727.00000000 0.966715474060917179244257 0.000332302275483256409540 -0.001177154006849543852950 0.255850925529783723710864
2460727.10000000 0.998415313831343298467402 -0.000048721709119258663852 -0.001221688913291082805024 -0.056261587331913442966425
2460727.20000000 0.931851869538559252070797 -0.000424960324154853076074 -0.001145982234938509218905 -0.362836877081882225315468
2460727.30000000 0.773576266227223419136294 -0.000759383021305316970560 -0.000957482173171407611838 -0.633702033210154613840359
2460727.40000000 -0.539165868241661794257880 0.001019073957702969560057 0.000674738473399422123908 0.842198713332540926934655
2460727.50000000 -0.251691171133301694329276 0.001178471715149930756569 0.000325576998708318086310 0.967806829681012170674137
2460727.60000000 0.060554781668235621583385 0.001221885278406350085548 -0.000055638713113792867939 0.998164125941953583875943
2460727.70000000 0.366840978405816975360665 0.001145038607985817205592 -0.000431389397968187117676 0.930282859861255362332599
2460727.80000000 0.637022960879633615149942 0.000955491778534509690786 -0.000764692682589536410452 0.770843855519471321535718
2460727.90000000 0.844509624142488313225385 0.000671897200655624787097 -0.001022742955974520560197 0.535538978302443346990458
2460728.00000000 0.968880285523711082262821 0.000322164116902579143308 -0.001180140233099756389215 0.247526757750420073334041
2460728.10000000 0.997894478103300341942372 -0.000059288019749852942776 -0.001221390246023108718670 -0.064846860073493592380167
2460728.20000000 0.928696646876150166960429 -0.000434916970665747413313 -0.001142429661493707176642 -0.370838298699434187888357
2460728.30000000 0.768097191281710389709758 -0.000767752566302184742512 -0.000951026300695657932950 -0.640332109806725613410094
2460728.40000000 -0.531902187432889750340337 0.001025035357913246661724 0.000666014936604383605764 0.846804917752750685444596
2460728.50000000 -0.243357770468689116327710 0.001181440925977769468985 0.000315443868476593749801 0.969935822745322306914773
2460728.60000000 0.069137735169785122235631 0.001221572529819568188325 -0.000066185356539038002911 0.997606373754346797966264
2460728.70000000 0.374828756912096383580035 0.001141476730471377171866 -0.000441313418393656344343 0.927093255969791751880393
2460728.80000000 0.643629413247605697279141 0.000949032806585681861129 -0.000773019732473406804424 0.765336318345847477218058
2460728.90000000 0.849084548291136997910655 0.000663177601444996166029 -0.001028656197711654094601 0.528255555498142292947250
2460729.00000000 0.970973420854441604532781 0.000312042076989862895032 -0.001183060528897329679449 0.239184278311478426548575
2460729.10000000 0.997299819808792675779330 -0.000069817070897379681694 -0.001221032939254359335132 -0.073427335598801657390311
2460729.20000000 0.925472720778750868042550 -0.000444818283806824269367 -0.001138832377840274471398 -0.378812286352331661909432
2460729.30000000 0.762561293762142211605237 -0.000776053807261747213321 -0.000944545049747142363011 -0.646914815744970450595019
2460729.40000000 -0.524599157355589817974817 0.001030922148304501797036 0.000657288913269996749600 0.851348476989379210344566
2460729.50000000 -0.235006366552271334091628 0.001184336798386907176062 0.000305332431670536186101 0.971993061599714769371872
2460729.60000000 0.077715574035602710822879 0.001221195442703672121368 -0.000076687315765327506594 0.996974820320309929044811
2460729.70000000 0.382788806267477910161290 0.001137866597736002152036 -0.000451173384635284802427 0.923835067259354381086212
2460729.80000000 0.650188251038155029526422 0.000942547350254307721509 -0.000781269113414445495573 0.759772162845158249844246
2460729.90000000 0.853596658623500093021619 0.000654456953009672679454 -0.001034485521601092097854 0.520933053196015127817020
2460730.00000000 0.972994725224220702308742 0.000301945626952005417593 -0.001185898932558540272431 0.230824104369619947929593
2460730.10000000 0.996631382955871281126292 -0.000080295347829085754357 -0.001220604136913037030682 -0.082002379144244672004582
2460730.20000000 0.922180329748355287478034 -0.000454647686238213578729 -0.001135181619087389723322 -0.386758250180885332358827
2460730.30000000 0.756968983212860768716723 -0.000784268313112473306609 -0.000938034431773010165569 -0.653449664065795188250263
2460730.40000000 -0.517257318270945787297421 0.001036715391434280724228 0.000648561527159533554414 0.855829054942526923355217
2460730.50000000 -0.226637577206032198029462 0.001187141275629785552859 0.000295248888792247498637 0.973978394073246267481636
2460730.60000000 0.086287663685558776971440 0.001220738167854301062937 -0.000087133715976150851595 0.996269512381754984708948
2460730.70000000 0.390720537618056362738628 0.001134195740688658795778 -0.000460954485966128956094 0.920508534780656861862269
2460730.80000000 0.656698989055707560424935 0.000936027257389774832753 -0.000789423099075322741609 0.754151800658691362500008
2460730.90000000 0.858045621367391708744776 0.000645732057536400113479 -0.001040211515540336853144 0.513572013102241098359002
2460731.00000000 0.974944049125216816165107 0.000291876819208077779421 -0.001188635700249724693953 0.222446854390113718524802
2460731.10000000 0.995889217015999861359887 -0.000090715612183610066978 -0.001220085149774793572067 -0.090571356365099137120112
2460731.20000000 0.918819717378853040301578 -0.000464393172942665190608 -0.001131461076896862196980 -0.394675602349887133524220
2460731.30000000 0.751320673362907864856197 -0.000792380059098752339945 -0.000931481698409867761579 -0.659936171347335509551613
2460731.40000000 -0.509877213323575162462475 0.001042396069669399927618 0.000639824545003736251496 0.860246320171090483874821
2460731.50000000 -0.218252021543314161933225 0.001189833590034610963371 0.000285190190249923398481 0.975891673319573049738551
2460731.60000000 0.094853369994309183477199 0.001220179569742332143997 -0.000097522086411371526485 0.995490502140343513914900
2460731.70000000 0.398623364197665419617067 0.001130444092465543882292 -0.000470648752450574230782 0.917113904649378475220090
2460731.80000000 0.663161145668293094956880 0.000929454931641258736037 -0.000797468605199799741509 0.748475647588251358222067
2460731.90000000 0.862431107417624298605574 0.000636989067727933636065 -0.001045816714246494390575 0.506172979790774468789039
2460732.00000000 0.976821248372200856557868 0.000281826626747454006463 -0.001191250031880960362843 0.214053148132247100798864
2460732.10000000 0.995073376922245067532913 -0.000101081281774604317359 -0.001219453147048113169151 -0.099133633327978865068530
2460732.20000000 0.915391132309656629928440 -0.000474052107604682848412 -0.001127647379031647932590 -0.402563757154589196840533
2460732.30000000 0.745616782085727014539600 -0.000800380298010073491094 -0.000924864522682164761844 -0.666373857746907383159396
2460732.40000000 -0.502459388508339044321360 0.001047949679178507981225 0.000631058270251261678278 0.864599945909257816545335
2460732.50000000 -0.209850319931901285741560 0.001192394244677400351809 0.000275140748046429376925 0.977732757821711873091886
2460732.60000000 0.103412059258400038097570 0.001219496302309349680323 -0.000107862641202144418054 0.994637847255978035931889
2460732.70000000 0.406496701355832490420994 0.001126585925687470946671 -0.000480260071245583257914 0.913651428029764622884557
2460732.80000000 0.669574242817789322401723 0.000922803972593386504994 -0.000805402636136765535425 0.742744123580778015103476
2460732.90000000 0.866752792351809464577173 0.000628202751999519851643 -0.001051291144066819008979 0.498736500667549653709187
2460733.00000000 0.978626184117181607824421 0.000271772837396800433403 -0.001193725375819396517657 0.205643606560316521969511
2460733.10000000 0.994183923057043061888294 -0.000111409824793322876865 -0.001218685894519899075641 -0.107688576585904000060268
2460733.20000000 0.911894828213804853334068 -0.000483635751150393567409 -0.001123713962092787090746 -0.410422131030832859632795
2460733.30000000 0.739857731385197503470863 -0.000808273005859653126577 -0.000918153747948206302651 -0.672762247006592262188462
2460733.40000000 -0.495004392634287082586297 0.001053372321745949446656 0.000622232961040487656847 0.868889610080127106073178
2460733.50000000 -0.201433093952575442697750 0.001194811436621845499723 0.000265072376108708290809 0.979501511393728319099239
2460733.60000000 0.111963098286962631222607 0.001218669216217117476364 -0.000118179894574661236198 0.993711610831073510752276
2460733.70000000 0.414339966620212885040075 0.001122595876012450616388 -0.000489807358493687190933 0.910121361098613634865728
2460733.80000000 0.675937806057611778598471 0.000916044442368622716978 -0.000813236931340682043037 0.736957652684099295825604
2460733.90000000 0.871010356459388512817554 0.000619340642926578528564 -0.001056638273862853770468 0.491263125903785180526029
2460734.00000000 0.980358722838835849877626 0.000261682755832836049653 -0.001196056424269724199547 0.197218851848933091064353
2460734.10000000 0.993220921238069487380073 -0.000121731776774468115703 -0.001217769448628006111537 -0.116235553225310442315710
2460734.20000000 0.908331063769502899951647 -0.000493170189721407010650 -0.001119639042633903316254 -0.418250142597132334998378
2460734.30000000 0.734043947344484859485192 -0.000816077809491678454398 -0.000911321156516458849052 -0.679100866497048705205941
2460734.40000000 -0.487512777229075489060506 0.001058675597797466066616 0.000613315884656013177341 0.873114995339985711098052
2460734.50000000 -0.193000966341021928940336 0.001197087745702252658750 0.000254950119770946839574 0.981197803183658456838145
2460734.60000000 0.120505854457149674807681 0.001217691535317030849736 -0.000128508528721807570435 0.992711861394877992381680
2460734.70000000 0.422152579714298259450089 0.001118458168066329425430 -0.000499322518434071023832 0.906523965027119404958000
2460734.80000000 0.682251364585478081714598 0.000909152593269302051332 -0.000820998293276864357475 0.731116663005275002618077
2460734.90000000 0.875203484744677351336861 0.000610372641937847256084 -0.001061877840574647563834 0.483753408412809393635001
2460735.00000000 0.982018736353175603071008 0.000251522025927152035468 -0.001198254394550535197744 0.188779507293637904830064
2460735.10000000 0.992184442705543290230707 -0.000132083345283334058478 -0.001216705671085832303827 -0.124773930907215210850403
2460735.20000000 0.904700102631286418031209 -0.000502690945328726945980 -0.001115414967972030773832 -0.426047212700399025031572
2460735.30000000 0.728175860075394476567112 -0.000823827067001249016207 -0.000904350105477146927468 -0.685389247262208178845810
2460735.40000000 -0.479985096554200130203327 0.001063886463290086414196 0.000604282568453641294633 0.877275789061555788528324
2460735.50000000 -0.184554560931326799844143 0.001199242887151247315483 0.000244743379426030102739 0.982821507678918404593560
