2460980.50000000 0.939079510688958341013688 -0.000414461758255292946930 -0.001187213870840649054816 -0.343697674342538117553403
2460980.60000000 0.786378229791127703052211 -0.000762151749040102920868 -0.000999929969172556974005 -0.617744040015587692060706
2460980.70000000 -0.556282195120351152795024 0.001034835651957395413411 0.000714233095985192766031 0.830992501998567889565095
2460980.80000000 -0.271437286717376047295858 0.001205675374300865711902 0.000358240034346406915899 0.962455306697461376863600
2460980.90000000 0.040122276449802138365008 0.001257855899158534084686 -0.000033013552505742326264 0.999193984990292438652659
2460981.00000000 0.347733035355894004592159 0.001186240364222459998597 -0.000421021207750090723648 0.937592742984246441118046
2460981.10000000 0.621120170521267334073912 0.000997875811726961969503 -0.000767595437924021087306 0.783714328573987262238632
2460981.20000000 0.833377125772198801278989 0.000711299799081699119646 -0.001038626133501018141900 0.552703339548007877013447
2460981.30000000 0.963613730872642793023886 0.000354716099247120812948 -0.001207437755723488135434 0.267295705060682509124348
2460981.40000000 0.999012198327004830034070 -0.000036780992649416654442 -0.001257414867879588175198 -0.044418972843892033652846
2460981.50000000 0.936088636790916250873806 -0.000424660552935951030387 -0.001183637580305227886279 -0.351761968859656104502420
2460981.60000000 0.781035935857336882648383 -0.000770747233029921326175 -0.000993365944150497760801 -0.624484816526142405557209
2460981.70000000 -0.549114265695427761215797 0.001040978522467959433220 0.000705325584910992280964 0.835746338363985818986635
2460981.80000000 -0.263149184032792415877111 0.001208757284512943343605 0.000347864869799351659248 0.964754333930852414624724
2460981.90000000 0.048714843577960020848394 0.001257569597444583003182 -0.000043835049421457462199 0.998811934556262603912558
2460982.00000000 0.355784392929015202966525 0.001182610224803509963235 -0.000431222718099555498913 0.934567216003086009834533
2460982.10000000 0.627837909983569697480732 0.000991255729592801669223 -0.000776170646736755475738 0.778343095143842478300655
2460982.20000000 0.838100092274030927796957 0.000702338632639699900727 -0.001044727907729463278752 0.545515032417816403409461
2460982.30000000 0.965877093615258197623064 0.000344294038763533541674 -0.001210461729706980302593 0.258997792023379802550664
2460982.40000000 0.998593198848760410513137 -0.000047638888797616404133 -0.001257059195642835957088 -0.053009817443255127789037
2460982.50000000 0.933028512709938806501953 -0.000434885160002815990277 -0.001179932953960671380630 -0.359800240554399020087573
2460982.60000000 0.775635862285746768840511 -0.000779330588422555967966 -0.000986672899830057540879 -0.631179394670083104834646
2460982.70000000 -0.541905713822802725943006 0.001047073126437731305921 0.000696299335242071999741 0.840438347608443714342741
2460982.80000000 -0.254841614112435499439613 0.001211759694354534126065 0.000337391098014496999911 0.966981990277940961497904
2460982.90000000 0.057303806765850888449432 0.001257180074601453373048 -0.000054727138068066609304 0.998355993738202940335213
2460983.00000000 0.363809430090429819504294 0.001178862545153925179414 -0.000441461549064917752570 0.931472551378556445911272
2460983.10000000 0.634509203001906163521539 0.000984514198521034382405 -0.000784747690150406468877 0.772914281281023796132956
2460983.20000000 0.842761057508748745448202 0.000693262571796468833780 -0.001050796983716587680233 0.538286369100084982619592
2460983.30000000 0.968069002391150346120696 0.000333773212388736037828 -0.001213422428484014787414 0.250680718864626894681891
2460983.40000000 0.998100325148262523811127 -0.000058571577931429708041 -0.001256616191335342214500 -0.061596740365889086910034
2460983.50000000 0.929899364798887795302562 -0.000445155133550950655921 -0.001176125357149490841327 -0.367811894740063594078094
2460983.60000000 0.770178408550854287639709 -0.000787927243577713669678 -0.000979870737111531407704 -0.637827279148114101303690
2460983.70000000 -0.534657072762526275333528 0.001053149284813631849159 0.000687167476499989451910 0.845068182587632832358793
2460983.80000000 -0.246515191533458438710724 0.001214715061266890758218 0.000326824154814594656452 0.969138110898619453692504
2460983.90000000 0.065888530624223437537346 0.001256720487257939090908 -0.000065692561173610151547 0.997826196223539074736664
2460984.00000000 0.371807553153665870659950 0.001175029164738252080227 -0.000451748636170227037614 0.928308978006306628749655
2460984.10000000 0.641133556018182004798689 0.000977679753574485542814 -0.000793345228429063738067 0.767428288566781913182524
2460984.20000000 0.847359676633087199881800 0.000684094999744570982612 -0.001056858807067321106080 0.531017884330914680113267
2460984.30000000 0.970189295008784258200762 0.000323170252948350535983 -0.001216350707229051737387 0.242345100841619615072986
2460984.40000000 0.997533613643653227498476 -0.000069570424312840098945 -0.001256120367495939605176 -0.070179106379782904556741
2460984.50000000 0.926701424495257275459892 -0.000455470639322887681493 -0.001172250915887179147090 -0.375796338742601654381303
2460984.60000000 0.764663978332230209744580 -0.000796546455800379725638 -0.000972994967908109268002 -0.644427978159755387999041
2460984.70000000 -0.527368878711506616774329 0.001059225075738451544993 0.000677962622891618545487 0.849635500773719520850591
2460984.80000000 -0.238170532229298431703413 0.001217649437718780177156 0.000316191558634605054869 0.971222536255203716670792
2460984.90000000 0.074468380082970506150808 0.001256223461361817561599 -0.000076710861025766651812 0.997222581165072230469093
2460985.00000000 0.379778170446275320504270 0.001171147388456029265688 -0.000462072170758356080573 0.925076729874434899869584
2460985.10000000 0.647710478972544301257130 0.000970792090035023000870 -0.000801961184925197457379 0.761885522798232628360893
2460985.20000000 0.851895609445201040799134 0.000674875454559525239130 -0.001062921508472541073237 0.523710115759185690365030
2460985.30000000 0.972237814587056492499073 0.000312521898172781712345 -0.001219264705957237831385 0.233991554570368437415695
2460985.40000000 0.996893106224069014409395 -0.000080604048063416734076 -0.001255598981660337133334 -0.078756280617882187811141
2460985.50000000 0.923434928337127480801882 -0.000465807940750956946552 -0.001168344449416271538245 -0.383752981904776635513343
2460985.60000000 0.759092979536045153743373 -0.000805173968730044813981 -0.000966085834837750027405 -0.650981003402962277171184
2460985.70000000 -0.520041670785487242234524 0.001065296959261868153801 0.000668727849540259032014 0.854139964286659281178515
2460985.80000000 -0.229808253478506252509561 0.001220570521938458847383 0.000305536344613016532142 0.973235112132693092057423
2460985.90000000 0.083042720480070303379350 0.001255707676641924135444 -0.000087741996598629005901 0.996545193192206801846567
2460986.00000000 0.387720692350332574172000 0.001167245835607786438176 -0.000472397927163578114623 0.921776046065598597678559
2460986.10000000 0.654239485353932503919339 0.000963887993056694895519 -0.000810569626000201353365 0.756286393967281145300774
2460986.20000000 0.856368520393986920602458 0.000665646493459603029799 -0.001068969386210714142896 0.516363603962303074901286
2460986.30000000 0.974214409584137630560008 0.000301873625995506382220 -0.001222160202186672699198 0.225620697975649181499236
2460986.40000000 0.996178850262824600036993 -0.000091627157426044255305 -0.001255059739023716780873 -0.087327628607463597676386
2460986.50000000 0.920100117950395035570921 -0.000476125069101581267859 -0.001164425193512252628206 -0.391681235657449944298492
2460986.60000000 0.753465824249460736083961 -0.000813774071700913508541 -0.000959172879309523303618 -0.657485870149783546700917
2460986.70000000 -0.512675990987247476304844 0.001071337996772620936720 0.000659501032406887665975 0.858581239929022910217782
2460986.80000000 -0.221428973845440163481513 0.001223462051422508209061 0.000294902145786573829152 0.975175689665571998610005
2460986.90000000 0.091610917560175267326805 0.001255168697453705115019 -0.000098739574437689816232 0.995794082421396220539123
2460987.00000000 0.395634531354597862584654 0.001163332208789278612512 -0.000482679947648514582562 0.918407170745991652260898
2460987.10000000 0.660720092201497966044599 0.000956986753517214284309 -0.000819128190324450232256 0.750631316270504500565153
2460987.20000000 0.860778078627544851464393 0.000656437627892767568312 -0.001074966569428952890830 0.508978892381913960996087
2460987.30000000 0.976118933809273059409861 0.000291263088389874893504 -0.001225010233476695777066 0.217233150265849661586515
2460987.40000000 0.995390898618928710028797 -0.000102596594230604370719 -0.001254486356145962516750 -0.095892516309527109363842
2460987.50000000 0.916697240041558281120615 -0.000486376350990400596001 -0.001160488546729025651633 -0.399580513544085969002140
2460987.60000000 0.747782928754827769246560 -0.000822301702655310997117 -0.000952263356573560459592 -0.663942097231861039219325
2460987.70000000 -0.505272384211356784255997 0.001077306772988659289148 0.000650300632081750686932 0.862958999183686792378012
2460987.80000000 -0.213033313183966316328721 0.001226288987347891453958 0.000284317214046708006351 0.977044125335463364834254
2460987.90000000 0.100172337492235752343106 0.001254580098885722675220 -0.000109667610090346452655 0.994969304452545610928382
2460988.00000000 0.403519102056973666403650 0.001159390297382408572049 -0.000492877057276798285178 0.914970353159633598139067
2460988.10000000 0.667151820148730978488061 0.000950083244517463572365 -0.000827593346611043743054 0.744920708064080949739605
2460988.20000000 0.865123957991305481129984 0.000647254915190321631832 -0.001080870091514626873952 0.501556527312639888194212
2460988.30000000 0.977951246416340125300337 0.000280706876731280489425 -0.001227775202499058063502 0.208829531925123462743343
2460988.40000000 0.994529309626425050971932 -0.000113486563833324990329 -0.001253845106702421814335 -0.104450310133020793368352
2460988.50000000 0.913226546383107518067845 -0.000496528685630866846619 -0.001156508695485374471276 -0.407450231227898806984911
2460988.60000000 0.742044713488426599390380 -0.000830718770723358978202 -0.000945340829446400586315 -0.670349207070680130904350
2460988.70000000 -0.497831398152783377586417 0.001083162773807151311664 0.000641120399937199908491 0.867272918253431113200236
2460988.80000000 -0.204621892591089898916223 0.001229011033919740836576 0.000273785623544033811586 0.978840280967936848810496
2460988.90000000 0.108726346948337465603274 0.001253904348330563524663 -0.000120512231856290108738 0.994070920347037478848051
2460989.00000000 0.411373821193738775647830 0.001155387624024206347229 -0.000502966711847557443847 0.911465847599332468220723
2460989.10000000 0.673534193420032178956092 0.000943151951131739377764 -0.000835935509898678725388 0.739154991845156095209290
2460989.20000000 0.869405837021898442174006 0.000638081223377939062320 -0.001086645346138421976828 0.494097057880370227334055
2460989.30000000 0.979711211901323930639762 0.000270197107817522720261 -0.001230417752946697971736 0.200410464647317987374464
2460989.40000000 0.993594147071046429608998 -0.000124295422328473098138 -0.001253098264098928939572 -0.113000376995818371805846
2460989.50000000 0.909688293776258816158986 -0.000506571209605099050458 -0.001152449887459507842438 -0.415289806533806760135974
2460989.60000000 0.736251602987420872281632 -0.000839006052779975482203 -0.000938373693257286262646 -0.676706725710236378645845
2460989.70000000 -0.490353583326828823540922 0.001088879765722328704994 0.000631934758786285117813 0.871522678028173181097316
2460989.80000000 -0.196195334355568212769683 0.001231596698857214886025 0.000263289307102571935090 0.980564023725660760533174
2460989.90000000 0.117272313090129767787495 0.001253106741116416424781 -0.000131282992249660726385 0.993098996611320061767003
2460990.00000000 0.419198107684641108061641 0.001151288490462950295581 -0.000512949476879847850522 0.907893913368098992577870
2460990.10000000 0.679866739872514447284857 0.000936158440999500891452 -0.000844146343933072714101 0.733334594192035615911607
2460990.20000000 0.873623398978063958608686 0.000628885551086021902384 -0.001092275732683040947654 0.486601035956817584704481
2460990.30000000 0.981398700094104015079211 0.000259708150376736820585 -0.001232914172501285710037 0.191976571298590498182435
2460990.40000000 0.992585480171988554509710 -0.000135041838920125855479 -0.001252216604371098095452 -0.121542084352162946259135
2460990.50000000 0.906082744022913333381553 -0.000516514488292713590256 -0.001148279337853139875358 -0.423098659476523419886718
2460990.60000000 0.730404025862228634125017 -0.000847165396901831805644 -0.000931327782673168160822 -0.683014182827085036819881
2460990.70000000 -0.482839492978695716818294 0.001094450840570996771883 0.000622710432860311782245 0.875707964123142335033378
2460990.80000000 -0.187754261884481576938555 0.001234030863111646499769 0.000252798088299802949618 0.982215226111268213671224
2460990.90000000 0.125809603677173781344223 0.001252165047037816746067 -0.000142004969369490294901 0.992053605174399888433356
2460991.00000000 0.426991382680375286540198 0.001147065139938059467883 -0.000522843684394915138303 0.904254814746553670090634
2460991.10000000 0.686148991020862686340820 0.000929071394093783061233 -0.000852236257167401120398 0.727459945729044155093845
2460991.20000000 0.877776331840779633353122 0.000619635220550654669883 -0.001097763116493613881272 0.479069016142798898005850
2460991.30000000 0.983013586166721409220770 0.000249208259189431639326 -0.001235257769989621997458 0.183528475841675392521424
2460991.40000000 0.991503383568693830163454 -0.000145754417749298668732 -0.001251185475769625663617 -0.130074800257520245549969
2460991.50000000 0.902410163873798687461658 -0.000526382020834898303220 -0.001143975596449542733724 -0.430876212361091914804234
2460991.60000000 0.724502414744232714483019 -0.000855213623120899997521 -0.000924176489985537572870 -0.689271111781561640619032
2460991.70000000 -0.475289683012176167320462 0.001099885071005369217845 0.000613417651623267604598 0.879828466914632567608123
2460991.80000000 -0.179299299690587637945427 0.001236314365598497515622 0.000242281229413188620983 0.983793765967594491250736
2460991.90000000 0.134337587095162497297096 0.001251071997110880275328 -0.000152707639822336876381 0.990934823382613738651514
2460992.00000000 0.434753069614383647056854 0.001142702915103803494937 -0.000532675458002705346471 0.900548820968273711073948
2460992.10000000 0.692380482077570080789997 0.000921870012873823299268 -0.000860226221129600484086 0.721531481089975557097205
2460992.20000000 0.881864328375178141428137 0.000610304964996196113586 -0.001103121941241861671268 0.471501555658921100988579
2460992.30000000 0.984555750645184191149895 0.000238669655329980630798 -0.001237455602884661399685 0.175066803282538263619728
2460992.40000000 0.990347937313631798694757 -0.000156461362644044559532 -0.001250004259927769935043 -0.138597893445295716752241
2460992.50000000 0.898670825038327847344988 -0.000536200379815990856025 -0.001139530653185654362688 -0.438621889767878470056672
2460992.60000000 0.718547206245367720001127 -0.000863173801421168642584 -0.000916905231658956751395 -0.695477049665976121417543
2460992.70000000 -0.467704711987251220417505 0.001105200471378052018770 0.000604036530981915515369 0.883883881545684646496852
2460992.80000000 -0.170831073288444684754595 0.001238459034433856287977 0.000231715162215542932155 0.985299526502506961556094
2460992.90000000 0.142855632423394940389016 0.001249832592535591972716 -0.000163416428362568637517 0.989742733996122558970399
2460993.00000000 0.442482594255848460385039 0.001138199867337971521106 -0.000542470182580562947962 0.896776206200491365905236
2460993.10000000 0.698560752032729603833161 0.000914545781907333157727 -0.000868139756413934611697 0.715549638849860891731680
2460993.20000000 0.885887086129172884874095 0.000600880542940911773105 -0.001108372239545926110291 0.463899214358758749110478
2460993.30000000 0.986025079420855488088193 0.000228073590723809870853 -0.001239522901048656106787 0.166592179642846088816199
2460993.40000000 0.989119226873123036369861 -0.000167184432120647577221 -0.001248682458817651280344 -0.147110733364509804754761
2460993.50000000 0.894865004144176579004011 -0.000545992677803504213724 -0.001134947796250848541660 -0.446335118653132356669744
2460993.60000000 0.712538840922267491251318 -0.000871068704036725093530 -0.000909511052271800820093 -0.701631537350928535801131
2460993.70000000 -0.460085141031397915067913 0.001110417860356864789076 0.000594558283018474021710 0.887873907981478138751186
2460993.80000000 -0.162350209143860363392164 0.001240482311243742584092 0.000221086074017249662902 0.986732396303664494041641
2460993.90000000 0.151363109492626490837353 0.001248459755658454803720 -0.000174149037186155402528 0.988477425187201497180922
2460994.00000000 0.450179384753851885569986 0.001133563608110135139187 -0.000552248075443976887099 0.892937249529785370683044
2460994.10000000 0.704689343646219157335508 0.000907100604636565843904 -0.000875998083173200976434 0.709514861540351260416060
2460994.20000000 0.889844307477244966797514 0.000591358163547456229699 -0.001113534691540704049326 0.456262554661149066781434
2460994.30000000 0.987421463775262409079403 0.000217410993698333897739 -0.001241478337756776826467 0.158105231853848199330415
2460994.40000000 0.987817343126993874236064 -0.000177937202913243581494 -0.001247235447157193401202 -0.155612690225646110864233
2460994.50000000 0.890992982717343950938016 -0.000555775919668323806211 -0.001130238070823284292354 -0.454015328400974416123148
2460994.60000000 -0.706477763258235968990562 0.000878917465916707559871 0.000901999963861827925085 0.707734119511770676247409
2460994.70000000 -0.452431533834193544407754 0.001115557078156977511424 0.000584983553860196278662 0.891798251017936416396026
2460994.80000000 -0.153857334677874879602655 0.001242403291644613187381 0.000210389300734581559654 0.988092269343237239453970
2460994.90000000 0.159859388916918115919330 0.001246970465127259430557 -0.000184915005921390182813 0.987138990540771699144784
2460995.00000000 0.457842871710492871351050 0.001128807800407383502006 -0.000562022773963245184797 0.889032234931221188034556
2460995.10000000 0.710765803515176930460484 0.000899543886576110638363 -0.000883817875291299142118 0.703427595591400112162717
2460995.20000000 0.893735699652587589625341 0.000581742354070971003088 -0.001118627742494086472688 0.448592141498124263865321
2460995.30000000 0.988744800380399246897412 0.000206681254287008586397 -0.001243340753833221436209 0.149606587779411798200258
2460995.40000000 0.986442382362893277480964 -0.000188725305174135629411 -0.001245681075284136565470 -0.164103135068410704855424
2460995.50000000 0.887055047193028411989246 -0.000565560275458006881007 -0.001125417040635155047079 -0.461661950811406540662318
2460995.60000000 -0.700364421627041378037859 0.000886733992743666361511 0.000894384129914610557371 0.713784344671550163852203
2460995.70000000 -0.444744456584424519007825 0.001120634699709794354985 0.000575320253962419928678 0.895656620319119856077350
2460995.80000000 -0.145353078165116167408399 0.001244239971592835331329 0.000199627966318749997974 0.989379044999003309790453
2460995.90000000 0.168343842153274053652368 0.001245382800066279676068 -0.000195716176508908395191 0.985727529049268413885443
2460996.00000000 0.465472488181443266874737 0.001123949276448436580128 -0.000571800902470569433027 0.885061451271879517932462
2460996.10000000 0.716789682095648306159319 0.000891889986258004828501 -0.000891610010237399073195 0.697288291314565711331852
2460996.20000000 0.897560974753155549343830 0.000572043962792822408003 -0.001123665689464105636383 0.440888542310704734106253
2460996.30000000 0.989994991317699080113357 0.000195890936531431042933 -0.001245126790521535646919 0.141096876122512454587721
2460996.40000000 0.984994446277090096586448 -0.000199546917250963433063 -0.001244037089987402866509 -0.172581439777510087241197
2460996.50000000 0.883051488864926348298923 -0.000575348777708841710617 -0.001120502245430462194553 -0.469274420207935916149466
2460996.60000000 -0.694199268260462409863010 0.000894525930137037234360 0.000886679590356250673169 0.719781765237654247435728
2460996.70000000 -0.437024477936209188033700 0.001125662407856703418549 0.000565581742372249832683 0.899448730437478305432819
2460996.80000000 -0.136838068741106405612484 0.001246007201553622897525 0.000188811763750070476077 0.990592628056065627184523
2460996.90000000 0.176815841551927643848785 0.001243713676723623559259 -0.000206547240742260368408 0.984243145107169814522763
2460997.00000000 0.473067669729476558693193 0.001119005762050471076280 -0.000581581936848967395379 0.881025192287275826785731
2460997.10000000 0.722760533752053291323136 0.000884156117831446947825 -0.000899378797170081512903 0.691097402856878262333851
2460997.20000000 0.901319849784933402325748 0.000562278401129959366778 -0.001128657366966040378337 0.433152326969145851087717
2460997.30000000 0.991171944084262679375286 0.000185052482783957102054 -0.001246849161164375642541 0.132576726398786565175314
2460997.40000000 0.983473641964008993276991 -0.000210393519949571668670 -0.001242319141364698785110 -0.181046977161751276863555
2460997.50000000 0.878982603893212921519762 -0.000585137498069217168277 -0.001115511100015301616112 -0.476852173426684122770070
2460997.60000000 -0.687982759226881457337299 0.000902294267171637452175 0.000878904206849925873080 0.725725937526253472853455
2460997.70000000 -0.429272168994016989351792 0.001130646063769784716649 0.000555784961398167378505 0.903174300824210907201461
2460997.80000000 -0.128312936293803858678331 0.001247715294404355863833 0.000177955405105167387917 0.991732928725131857028430
2460997.90000000 0.185274760373008329228384 0.001241977089837574890763 -0.000217396869638685733168 0.982685948510445883563591
2460998.00000000 0.480627854499263595933201 0.001113993868374811265290 -0.000591358833352698316267 0.876923756544076948848954
2460998.10000000 0.728677916768261657587402 0.000876360226702226183422 -0.000907122053116805339944 0.684855388192242564571188
2460998.20000000 0.905012046662693081522377 0.000552463548119520257013 -0.001133605650597858558945 0.425384067775507301867322
2460998.30000000 0.992275571600377492842426 0.000174182297169814601220 -0.001248515598047642829668 0.124046768898351172927264
2460998.40000000 0.981880081915741054210400 -0.000221251486806134031737 -0.001240539227359217528540 -0.189499120966254319675670
2460998.50000000 0.874848693262861853980894 -0.000594916677493459900190 -0.001110458930857365512229 -0.484394649899149931648878
2460998.60000000 -0.681715354389741956531168 0.000910033897497763261640 0.000871075423920021608103 0.731616421804850203258752
2460998.70000000 -0.421488103220411247651356 0.001135585627469974136228 0.000545948086600043093301 0.906833055875891469455041
2460998.80000000 -0.119778311491582634129571 0.001249369281843755105643 0.000167076346464859972927 0.992799862639880625891919
2460998.90000000 0.193719972854056843303283 0.001240182737367766067915 -0.000228249721428559065872 0.981056054446383773992579
2460999.00000000 0.488152483207749787741392 0.001108927175831194876163 -0.000601119588108949996427 0.872757447446546930081013
2460999.10000000 0.734541393398152941962564 0.000868518678125976902223 -0.000914832063344370844359 0.678562709070914871212210
2460999.20000000 0.908637292251675665610833 0.000542617233682155452809 -0.001138507715509498845891 0.417584339380493052562571
2460999.30000000 0.993305792218614924671272 0.000163298241254267655987 -0.001250128368289989307105 0.115507634627957073147897
2460999.40000000 0.980213884011702507592645 -0.000232104351935187358308 -0.001238704496226414753651 -0.197937245936869676832259
2460999.50000000 0.870650062779183997463406 -0.000604672550347275673116 -0.001105357164118251278237 -0.491901291662048933961415
2460999.60000000 -0.675397517387019696855077 0.000917734832136944222829 0.000863208003085174442777 0.737452782313236743227947
2460999.70000000 -0.413672856459092630476704 0.001140475649883143129115 0.000536088013474335248545 0.910424724924301820294659
2460999.80000000 -0.111234825690112268392618 0.001250968646983007187892 0.000156192257582013320494 0.993793350870673997121685
2460999.90000000 0.202150854268308033390156 0.001238335029450440697221 -0.000239088758465227268135 0.979353583483081102656342
2461000.00000000 0.495640999215466671046215 0.001103814625305255762294 -0.000610849135314606747453 0.868526573199024931604129
2461000.10000000 0.740350529881908858698125 0.000860644193901414274878 -0.000922496901534722388988 0.672219831003208811992522
2461000.20000000 0.912195318372014174457263 0.000532754922020875531022 -0.001143355680773479017900 0.409753718774758024512295
2461000.30000000 0.994262529727718002980907 0.000152417280760170498199 -0.001251684213485209631531 0.106959955285565941340842
2461000.40000000 0.978475171511937191759500 -0.000242934991236099781303 -0.001236816520580372386409 -0.206360727857330727985641
2461000.50000000 0.866387023048471371922119 -0.000614389173469241049036 -0.001100212032787865022720 -0.499371543394467487519961
2461000.60000000 -0.669029715582546868901659 0.000925383540906642501622 0.000855312306712071646932 0.743234587309464123094926
2461000.70000000 -0.405827006846223192759737 0.001145306045004820414898 0.000526218388430879863496 0.913949042278666246019725
2461000.80000000 -0.102683110884345493718506 0.001252507501835156472278 0.000145318978167662665995 0.994713319929976358402257
2461000.90000000 0.210566780922074842097302 0.001236432698058076169040 -0.000249897197306710747242 0.977578661570170592831630
2461001.00000000 0.503092848545527271397759 0.001098659629978793400920 -0.000620531059043590666954 0.864231446795420299444856
2461001.10000000 0.746104896491719071782711 0.000852744567607617489496 -0.000930101791177451804778 0.665827223210210150661226
2461001.20000000 0.915685861817204127532932 0.000522888150242473625715 -0.001148137544758703020020 0.401892785249787110046782
2461001.30000000 0.995145713360676253955717 0.000141553774442066483729 -0.001253174819847234283329 0.098404363190462168509143
2461001.40000000 0.976664073049113512503538 -0.000253727358510476383880 -0.001234871295996182007440 -0.214768943588365068819712
2461001.50000000 0.862059889432846060408622 -0.000624050071336331498711 -0.001095024125432756192944 -0.506804852496733682087893
2461001.60000000 -0.662612420053423578636398 0.000932964402906574959140 0.000847393441714569539691 0.748961409080671880467150
2461001.70000000 -0.397951134800354655585153 0.001150063256635208740544 0.000516348411022037501357 0.917405747229393830899369
2461001.80000000 -0.094123799721613471414017 0.001253975396922718272413 0.000134469058363174959322 0.995559701770512672780455
2461001.90000000 0.218967130240491858472751 0.001234469193576087859068 -0.000260660136210172713178 0.975731420020890305444539
2461002.00000000 0.510507479956917475938383 0.001093460023251032267599 -0.000630149281984783058395 0.859872385976331310430965
2461002.10000000 0.751804067544306064974080 0.000844822152586775744140 -0.000937630738792826780824 0.659385358608569172034208
2461002.20000000 0.919108664383847751011558 0.000513023573827782637669 -0.001152838640595472714107 0.394002120329333904713565
2461002.30000000 0.995955277796475302309887 0.000130718127673954380300 -0.001254587974949576516248 0.089841491254210842365424
2461002.40000000 0.974780722616230610455546 -0.000264468138184774023951 -0.001232859989274084086888 -0.223161271120831367076320
2461002.50000000 0.857668982062216533890364 -0.000633640075435300135012 -0.001089788638994719938841 -0.514200669066919080485434
2461002.60000000 -0.656146105539263890804591 0.000940461585035294047284 0.000839450964496816446486 0.754632823987357315154156
2461002.70000000 -0.390045822954061649490143 0.001154732010670389379114 0.000506481984054429229015 0.920794584077069711014474
2461002.80000000 -0.085557525383527219253743 0.001255358779374550612026 0.000123650399087072630604 0.996332433796477179299700
2461002.90000000 0.227351280789283766159414 0.001232433695767348041938 -0.000271366325670918933505 0.973811995505605487721823
2461003.00000000 0.517884344935242602048220 0.001088208503075159018503 -0.000639690099808059762197 0.855449713232374064908470
2461003.10000000 0.757447621443522733919451 0.000836873669823563173971 -0.000945068648550627453224 0.652894713760691858261964
2461003.20000000 0.922463472877529722104839 0.000503162129934483668900 -0.001157443628476601026403 0.386082307751129005790602
2461003.30000000 0.996691163161356197264240 0.000119915369407058239608 -0.001255909238150152524779 0.081271972955033883190268
2461003.40000000 0.972825259555126997668140 -0.000275148632979437381216 -0.001230770113007091919738 -0.231537089619119923478152
2461003.50000000 0.853214625775990609390931 -0.000643147502592436473394 -0.001084495929904070185903 -0.521558445997500785829004
2461003.60000000 -0.649631250419129946394037 0.000947861302663078448237 0.000831478743398952500551 0.760248412481294377762708
2461003.70000000 -0.382111656132627708348792 0.001159297438775218304016 0.000496616892769436357388 0.924115302139448924201304
2461003.80000000 -0.076984921603015760149802 0.001256642773447686411634 0.000112864824093116469382 0.997031458859699237784469
2461003.90000000 0.235718612338619404322770 0.001230312381213584252762 -0.000282010065667472780478 0.971820530035539031921132
2461004.00000000 0.525222897762535723131805 0.001082893270834642176353 -0.000649144363986315958877 0.850963755761198759053343
2461004.10000000 0.763035140708189008051932 0.000828890168484484055403 -0.000952403582656086893435 0.646355768839687039317710
2461004.20000000 0.925750039130180835122985 0.000493298338284788831683 -0.001161938624812805824146 0.378133933422333645690827
2461004.30000000 0.997353315036241250268745 0.000109143875116473923720 -0.001257123751134426974108 0.072696442233169414337546
2461004.40000000 0.970797828548109476010097 -0.000285766486431177199525 -0.001228586869885822923515 -0.239895779449589258147668
2461004.50000000 0.848697150117556198267721 -0.000652566157638891238511 -0.001079132296495243295564 -0.528877638979711073297096
2461004.60000000 -0.643068336664693984694452 0.000955153923595409280224 0.000823465140408151038964 0.765807759143806054957793
2461004.70000000 -0.374149221315387081610027 0.001163747109974356793230 0.000486744401959965475746 0.927367655766167864328509
2461004.80000000 -0.068406622556018176206649 0.001257812987192822142338 0.000102107155253942002960 0.997656725267137445278820
2461004.90000000 0.244068505872864327521654 0.001228089884385339834380 -0.000292592554244746228410 0.969757170958509551184079
2461005.00000000 0.532522595554393629591061 0.001077499063488389016707 -0.000658509135273267027719 0.846414845442242325113114
2461005.10000000 0.768566211985075464774297 0.000820857583511963172403 -0.000959628592012953004868 0.639769007611433293547520
2461005.20000000 0.928968120020720489193877 0.000483420372540004951445 -0.001166313084460205090967 0.370157585365069874416832
2461005.30000000 0.997941684452017474526997 0.000098394968704521959296 -0.001258218055133933409653 0.064115533519404868667557
2461005.40000000 0.968698579599828524244742 -0.000296326512151802977119 -0.001226294801268707369141 -0.248236722248268648627345
2461005.50000000 0.844116889305171480550882 -0.000661896538425647633884 -0.001073681369193555876218 -0.536157706547769619120913
2461005.60000000 -0.636457849805576403312557 0.000962335480154296566031 0.000815394066782609166534 0.771310452712277827558296
2461005.70000000 -0.366159107555475094031294 0.001168072768932828251268 0.000476849914004435452165 0.930551404369443724284849
2461005.80000000 -0.059823262877498492584571 0.001258857383642103056412 0.000091365424366114233318 0.998208186777081563079150
2461005.90000000 0.252400343674456906217785 0.001225751195863798237787 -0.000303122153896979269153 0.967622070936588141165657
2461006.00000000 0.539782898276545020088690 0.001072008961279300245928 -0.000667788437745661764451 0.841803318823983404151079
2461006.10000000 0.774040426095044753473928 0.000812758327051514030924 -0.000966742939628020066418 0.633134917377025985274486
2461006.20000000 0.932117477487482082310066 0.000473511308648127916474 -0.001170561441096783531976 0.362153853679520520980617
2461006.30000000 0.998456227895678782857658 0.000087653709919190134279 -0.001259182058408498706970 0.055529881625622855290114
2461006.40000000 0.966527668028903885755199 -0.000306840462883360665883 -0.001223879954369542577899 -0.256559300944295243240845
2461006.50000000 0.839474182199307472629357 -0.000671146221570538786642 -0.001068126317709304799394 -0.543398110126664612984371
2461006.60000000 -0.629800278909573796326526 0.000969408683653590389460 0.000807247049028247585199 0.776756086093861708441466
2461006.70000000 -0.358141905978558827694513 0.001172271934744830920727 0.000466914706504191435663 0.933666312421528532539128
2461006.80000000 -0.051235477572386056710485 0.001259768360163497202125 0.000080622108495888707104 0.998685802603269445754108
2461006.90000000 0.260713509355162742497924 0.001223284063413755846927 -0.000313613798570798159651 0.965415387935074087444320
2461007.00000000 0.547003268814145626741663 0.001066406908350691750548 -0.000676993396403220227056 0.837129517077490059584477
2461007.10000000 0.779457378063730721429181 0.000804573701405666345636 -0.000973752990735109549315 0.626453988931123251227007
2461007.20000000 0.935197878548531202902439 0.000463551200546724118719 -0.001174684698721326298401 0.354123330485402232348235
2461007.30000000 0.998896907307508241657956 0.000076900425624026500730 -0.001260011205919554094779 0.046940121742849616470750
2461007.40000000 0.964285254446650696991128 -0.000317326205598240842359 -0.001221332444726844863522 -0.264862899832204179428885
2461007.50000000 0.834769372285333988159550 -0.000680329841294227775222 -0.001062452576149955406695 -0.550598314054522641747269
2461007.60000000 -0.623096116506104635845986 0.000976383728516970971455 0.000799005864556813602713 0.782144256425173489688518
2461007.70000000 -0.350098209712420893602314 0.001176349472229852588523 0.000456918230352071407050 0.936712149479984379496500
2461007.80000000 -0.042643901973846355668574 0.001260544954898387519371 0.000069855871227907147410 0.999089537414275752347237
2461007.90000000 0.269007387884916682185832 0.001220681640832089803403 -0.000324087977916506537069 0.963137285212380622745343
2461008.00000000 0.554183172992827377534297 0.001060680569896279516057 -0.000686142049268100495327 0.832393785979279487996507
2461008.10000000 0.784816667127840816853279 0.000796286711822110477264 -0.000980672880429618240572 0.619726716550093037483293
2461008.20000000 0.938209095303342177629702 0.000453519600776187308596 -0.001178691907348131898831 0.346066609910649858328213
2461008.30000000 0.999263690083923350471196 0.000066112716666776169191 -0.001260708647013177984703 0.038346889343594064980536
2461008.40000000 0.961971504748629913095215 -0.000327806405785347095005 -0.001218649143428050937374 -0.273146904592579065074176
2461008.50000000 0.830002807619924176663062 -0.000689468586505763815844 -0.001056650836901255018085 -0.557757785660242810799048
2461008.60000000 -0.616345858585646277916226 0.000983278660564925431620 0.000790655606645243071162 0.787474565068962073510761
2461008.70000000 -0.342028613841202033807321 0.001180318825587082717798 0.000446841004479649737437 0.939688690202271081908236
2461008.80000000 -0.034049171702832128905136 0.001261194877792067969152 0.000059044056553341131143 0.999419361333011013748262
2461008.90000000 0.277281365667143619990753 0.001217945192002059008607 -0.000334568850750150597120 0.960787931297318986700873
2461009.00000000 0.561322079626447867362060 0.001054824536136631614111 -0.000695258238684548827112 0.827596475877292014899922
2461009.10000000 0.790117896794945151484058 0.000787885557452202992326 -0.000987524307855795584199 0.612953597914121961487410
2461009.20000000 0.941150904970309176711396 0.000443399095899362427012 -0.001182600931278024545407 0.337984287986077769350146
2461009.30000000 0.999556549075280353910955 0.000055268777252731740102 -0.001261286988316584088340 0.029750820171294500154913
2461009.40000000 0.959586590096528468940562 -0.000338305689745268937420 -0.001215836359094089619975 -0.281410702351116814856624
2461009.50000000 0.825174840829657529894803 -0.000698588099285773274534 -0.001050720536707412883573 -0.564875995261138408309876
2461009.60000000 -0.609550004528692679350854 0.000990118237884514721878 0.000782188779957236233684 0.792746617668663833278231
2461009.70000000 -0.333933715355259452817194 0.001184202019468289911880 0.000436669061458407092077 0.942595714362393088947556
2461009.80000000 -0.025451922613232026010310 0.001261735761881448061178 0.000048167170636047793844 0.999675249937565513214111
2461009.90000000 0.285534830580432330560114 0.001215086616312877022469 -0.000345080078151713503902 0.958367499975495307218409
2461010.00000000 0.568419460559128397747486 0.001048844045897793977179 -0.000704368123589198041543 0.822737941661177640817471
2461010.10000000 0.795360674849385995699436 0.000779368370451347450278 -0.000994334075636880802829 0.606135134097398164954029
2461010.20000000 0.944023089886187771746506 0.000433180774219157232498 -0.001186437314712237211731 0.329876962642529414360126
2461010.30000000 0.999775462588155972021298 0.000044353213420822369846 -0.001261768702646633068948 0.021152550173104266162394
2461010.40000000 0.957130686896423332754580 -0.000348844919549809895799 -0.001212911896251619688417 -0.289653681752461866771853
2461010.50000000 0.820285829070398375684192 -0.000707713319854150440906 -0.001044673538628835629885 -0.571952416224312143455677
